6.905239114453436855e+01 2.269647759091235686e-02 1.131776469800366003e-01 4.649987469165923343e-02 2.018243943578085986e-09 9.728706849544508373e-01
6.905239114453436855e+01 2.269647759091235686e-02 1.131776469800366003e-01 4.649987469165923343e-02 2.018243943578085986e-09 9.728706849544508373e-01
6.905239114453436855e+01 2.269647759091235686e-02 1.131776469800366003e-01 4.649987469165923343e-02 2.018243943578085986e-09 9.728706849544508373e-01
6.909773857349550497e+01 2.268111220589798943e-02 1.141083403659713807e-01 5.090490073876872967e-02 2.053636933421168687e-09 9.734317559408515175e-01
6.909773857349550497e+01 2.268111220589798943e-02 1.141083403659713807e-01 5.090490073876872967e-02 2.053636933421168687e-09 9.734317559408515175e-01
6.909773857349550497e+01 2.268111220589798943e-02 1.141083403659713807e-01 5.090490073876872967e-02 2.053636933421168687e-09 9.734317559408515175e-01
6.909773857349550497e+01 2.268111220589798943e-02 1.141083403659713807e-01 5.090490073876872967e-02 2.053636933421168687e-09 9.734317559408515175e-01
6.909773857349550497e+01 2.268111220589798943e-02 1.141083403659713807e-01 5.090490073876872967e-02 2.053636933421168687e-09 9.734317559408515175e-01
6.909773857349550497e+01 2.268111220589798943e-02 1.141083403659713807e-01 5.090490073876872967e-02 2.053636933421168687e-09 9.734317559408515175e-01
6.909773857349550497e+01 2.268111220589798943e-02 1.141083403659713807e-01 5.090490073876872967e-02 2.053636933421168687e-09 9.734317559408515175e-01
