-1.174546366580321483e+05 -1.174546428434687841e+05 6.185436642986659461e-03
-1.174546181017222116e+05 -1.174546428434687841e+05 2.474174657194663784e-02
-1.174545871634711948e+05 -1.174546428434687841e+05 5.567999758723175818e-02
-1.174545438411770883e+05 -1.174546428434687841e+05 9.900229169000288043e-02
-1.174544881404328771e+05 -1.174546428434687841e+05 1.547030359114092146e-01
-1.174544200592852867e+05 -1.174546428434687841e+05 2.227841834927653530e-01
-1.174543395841147722e+05 -1.174546428434687696e+05 3.032593539987816778e-01
-1.174542466988952801e+05 -1.174546428434687841e+05 3.961445735104296428e-01
-1.174541414217404817e+05 -1.174546428434687841e+05 5.014217282971163980e-01
-1.174540237529933947e+05 -1.174546428434687841e+05 6.190904753856142362e-01
-1.174538936813350592e+05 -1.174546428434687550e+05 7.491621336895558647e-01
-1.174537511937544768e+05 -1.174546428434687696e+05 8.916497142986103963e-01
-1.174535962952177651e+05 -1.174546428434687987e+05 1.046548251032145327e+00
-1.174534289742289548e+05 -1.174546428434687841e+05 1.213869239830829727e+00
-1.174532492237845436e+05 -1.174546428434687696e+05 1.393619684223530220e+00
-1.174530570720621472e+05 -1.174546428434687696e+05 1.585771406628666336e+00
-1.174528524135201005e+05 -1.174546428434687987e+05 1.790429948700721141e+00
-1.174526353149341448e+05 -1.174546428434687841e+05 2.007528534640832252e+00
-1.174524057533527230e+05 -1.174546428434687987e+05 2.237090116082670832e+00
-1.174521637031873543e+05 -1.174546428434687696e+05 2.479140281413520608e+00
-1.174519091252056969e+05 -1.174546428434687841e+05 2.733718263083410260e+00
-1.174516420588892361e+05 -1.174546428434687550e+05 3.000784579513408268e+00
-1.174513625189709564e+05 -1.174546428434687841e+05 3.280324497831766273e+00
-1.174510704013886134e+05 -1.174546428434687550e+05 3.572442080144259346e+00
-1.174507657583627879e+05 -1.174546428434687696e+05 3.877085105987223557e+00
-1.174504484724045615e+05 -1.174546428434687841e+05 4.194371064229828860e+00
-1.174501187362149358e+05 -1.174546428434687841e+05 4.524107253852626798e+00
-1.174497764181720850e+05 -1.174546428434687841e+05 4.866425296705761738e+00
-1.174494214508335281e+05 -1.174546428434687841e+05 5.221392635258289339e+00
-1.174490539313492627e+05 -1.174546428434687696e+05 5.588912119512914778e+00
-1.174486735868968972e+05 -1.174546428434687987e+05 5.969256571903641451e+00
-1.174482806400982226e+05 -1.174546428434687841e+05 6.362203370564392557e+00
-1.174478751487859117e+05 -1.174546428434687696e+05 6.767694682861340461e+00
-1.174474567663097987e+05 -1.174546428434687696e+05 7.186077158967776768e+00
-1.174470256557633838e+05 -1.174546428434687841e+05 7.617187705393595465e+00
-1.174465817676113365e+05 -1.174546428434687696e+05 8.061075857440048509e+00
-1.174461249827567081e+05 -1.174546428434687841e+05 8.517860712075020047e+00
-1.174456553636347380e+05 -1.174546428434688132e+05 8.987479834076546936e+00
-1.174451729502931703e+05 -1.174546428434687696e+05 9.469893175592922319e+00
-1.174446775382492051e+05 -1.174546428434687841e+05 9.965305219582058172e+00
-1.174441694355795771e+05 -1.174546428434687696e+05 1.047340788918876164e+01
-1.174436483293945494e+05 -1.174546428434687987e+05 1.099451407424618132e+01
-1.174431141798449680e+05 -1.174546428434687987e+05 1.152866362383555909e+01
-1.174425669134189957e+05 -1.174546428434687841e+05 1.207593004978343920e+01
-1.174420067629850528e+05 -1.174546428434687696e+05 1.263608048372113224e+01
-1.174414331313516450e+05 -1.174546428434687987e+05 1.320971211715322369e+01
-1.174408461803076643e+05 -1.174546428434687841e+05 1.379666316112577107e+01
-1.174402461595423229e+05 -1.174546428434687841e+05 1.439668392645543804e+01
-1.174396333539879852e+05 -1.174546428434687550e+05 1.500948948077606460e+01
-1.174390076348743169e+05 -1.174546428434687696e+05 1.563520859444832389e+01
-1.174383690369296382e+05 -1.174546428434687987e+05 1.627380653916192799e+01
-1.174377173820462340e+05 -1.174546428434687841e+05 1.692546142255698527e+01
-1.174370525442351354e+05 -1.174546428434687696e+05 1.759029923362694348e+01
-1.174363744665352860e+05 -1.174546428434687841e+05 1.826837693350375957e+01
-1.174356828967044275e+05 -1.174546428434687987e+05 1.895994676437450721e+01
-1.174349779546663194e+05 -1.174546428434687405e+05 1.966488880242636483e+01
-1.174342591024966241e+05 -1.174546428434687696e+05 2.038374097215235992e+01
-1.174335264503669023e+05 -1.174546428434687987e+05 2.111639310189583796e+01
-1.174327802791236463e+05 -1.174546428434687696e+05 2.186256434512108626e+01
-1.174320205649714480e+05 -1.174546428434687841e+05 2.262227849733917040e+01
-1.174312473336330295e+05 -1.174546428434687841e+05 2.339550983575354337e+01
-1.174304602406954946e+05 -1.174546428434687987e+05 2.418260277329709496e+01
-1.174296596757258667e+05 -1.174546428434687550e+05 2.498316774289222053e+01
-1.174288454555047938e+05 -1.174546428434687841e+05 2.579738796398675404e+01
-1.174280175922040362e+05 -1.174546428434687841e+05 2.662525126474533721e+01
-1.174271761770348676e+05 -1.174546428434687550e+05 2.746666643388509144e+01
-1.174263217343750584e+05 -1.174546428434687696e+05 2.832110909371335339e+01
-1.174254531999002938e+05 -1.174546428434687841e+05 2.918964356848616148e+01
-1.174245708612800227e+05 -1.174546428434687550e+05 3.007198218872590445e+01
-1.174236750559553329e+05 -1.174546428434687696e+05 3.096778751342947089e+01
-1.174227651160830137e+05 -1.174546428434687696e+05 3.187772738575161924e+01
-1.174218412225094362e+05 -1.174546428434687841e+05 3.280162095934612410e+01
-1.174209030682519515e+05 -1.174546428434687696e+05 3.373977521681459280e+01
-1.174199505041839002e+05 -1.174546428434687550e+05 3.469233928485576257e+01
-1.174189836016361514e+05 -1.174546428434687841e+05 3.565924183263791747e+01
-1.174180029109605384e+05 -1.174546428434687550e+05 3.663993250822041148e+01
-1.174170081353487185e+05 -1.174546428434687696e+05 3.763470812004918287e+01
-1.174159988103770156e+05 -1.174546428434687550e+05 3.864403309174389278e+01
-1.174149745223227073e+05 -1.174546428434687696e+05 3.966832114605709592e+01
-1.174139354637475190e+05 -1.174546428434687841e+05 4.070737972125828463e+01
-1.174128819417617051e+05 -1.174546428434687987e+05 4.176090170709925786e+01
-1.174118137129411625e+05 -1.174546428434687841e+05 4.282913052762133077e+01
-1.174107300913601794e+05 -1.174546428434687696e+05 4.391275210859042488e+01
-1.174096325198083068e+05 -1.174546428434687841e+05 4.501032366047405731e+01
-1.174085201157211850e+05 -1.174546428434687696e+05 4.612272774758248772e+01
-1.174073926156906382e+05 -1.174546428434687696e+05 4.725022777813470043e+01
-1.174062492304918123e+05 -1.174546428434687696e+05 4.839361297695107567e+01
-1.174050910694029008e+05 -1.174546428434687696e+05 4.955177406586416566e+01
-1.174039174313406984e+05 -1.174546428434687841e+05 5.072541212808845756e+01
-1.174027291664868244e+05 -1.174546428434687841e+05 5.191367698196142300e+01
-1.174015251964605122e+05 -1.174546428434687696e+05 5.311764700826405772e+01
-1.174003055145221297e+05 -1.174546428434687841e+05 5.433732894665234170e+01
-1.173990697367256071e+05 -1.174546428434687696e+05 5.557310674316859433e+01
-1.173978190926785901e+05 -1.174546428434687841e+05 5.682375079019459463e+01
-1.173965531919780187e+05 -1.174546428434687550e+05 5.808965149073146250e+01
-1.173952725924911938e+05 -1.174546428434687696e+05 5.937025097757063463e+01
-1.173939768710203789e+05 -1.174546428434687987e+05 6.066597244842475334e+01
-1.173926654228024854e+05 -1.174546428434687696e+05 6.197742066628937607e+01
-1.173913381962739513e+05 -1.174546428434687550e+05 6.330464719480600877e+01
-1.173899953003414557e+05 -1.174546428434687696e+05 6.464754312731969321e+01
-1.173886373938193574e+05 -1.174546428434687696e+05 6.600544964940912962e+01
-1.173872635895034036e+05 -1.174546428434687696e+05 6.737925396536634537e+01
-1.173858733968884626e+05 -1.174546428434687696e+05 6.876944658030205915e+01
-1.173844673278051778e+05 -1.174546428434687987e+05 7.017551566362629956e+01
-1.173830436246072350e+05 -1.174546428434687987e+05 7.159921886155704840e+01
-1.173816031373253500e+05 -1.174546428434687696e+05 7.303970614342325973e+01
-1.173801464948748326e+05 -1.174546428434687696e+05 7.449634859393576392e+01
-1.173786740978342423e+05 -1.174546428434687841e+05 7.596874563454218787e+01
-1.173771839823882474e+05 -1.174546428434687841e+05 7.745886108053596786e+01
-1.173756780910131347e+05 -1.174546428434687841e+05 7.896475245564907652e+01
-1.173741565894708619e+05 -1.174546428434687696e+05 8.048625399790162760e+01
-1.173726178892770695e+05 -1.174546428434687550e+05 8.202495419169193269e+01
-1.173710597461149300e+05 -1.174546428434687696e+05 8.358309735384509054e+01
-1.173694861684734351e+05 -1.174546428434687696e+05 8.515667499533097384e+01
-1.173678947337266000e+05 -1.174546428434687696e+05 8.674810974216327963e+01
-1.173662857268864755e+05 -1.174546428434687987e+05 8.835711658231973331e+01
-1.173646592446443246e+05 -1.174546428434687841e+05 8.998359882446334268e+01
-1.173630146700065525e+05 -1.174546428434687841e+05 9.162817346223653203e+01
-1.173613530480164482e+05 -1.174546428434687696e+05 9.328979545231831594e+01
-1.173596735783903423e+05 -1.174546428434687550e+05 9.496926507841261866e+01
-1.173579768853758578e+05 -1.174546428434687696e+05 9.666595809290448926e+01
-1.173562631723957020e+05 -1.174546428434687696e+05 9.837967107306990044e+01
-1.173545335324204643e+05 -1.174546428434687841e+05 1.001093110483230362e+02
-1.173527861508544302e+05 -1.174546428434687841e+05 1.018566926143559641e+02
-1.173510202167823008e+05 -1.174546428434687696e+05 1.036226266864737511e+02
-1.173492354572690529e+05 -1.174546428434687987e+05 1.054073861997503059e+02
-1.173474320825234026e+05 -1.174546428434687841e+05 1.072107609453847346e+02
-1.173456094025626953e+05 -1.174546428434687550e+05 1.090334409060557732e+02
-1.173437698941030394e+05 -1.174546428434687841e+05 1.108729493657381511e+02
-1.173419120749371941e+05 -1.174546428434687696e+05 1.127307685315728349e+02
-1.173400345000057423e+05 -1.174546428434687987e+05 1.146083434630522788e+02
-1.173381383523900295e+05 -1.174546428434687841e+05 1.165044910787600116e+02
-1.173362233394683572e+05 -1.174546428434687841e+05 1.184195040004319708e+02
-1.173342893629929458e+05 -1.174546428434687696e+05 1.203534804758192536e+02
-1.173323361538768222e+05 -1.174546428434687696e+05 1.223066895919498620e+02
-1.173303623674576666e+05 -1.174546428434687550e+05 1.242804760110815607e+02
-1.173283686321676942e+05 -1.174546428434687987e+05 1.262742113011027953e+02
-1.173263562378083443e+05 -1.174546428434687696e+05 1.282866056604304958e+02
-1.173243255191358476e+05 -1.174546428434687841e+05 1.303173243329337083e+02
-1.173222746477648907e+05 -1.174546428434687550e+05 1.323681957038703842e+02
-1.173202036867600837e+05 -1.174546428434687841e+05 1.344391567086998407e+02
-1.173181128464233625e+05 -1.174546428434687696e+05 1.365299970454011316e+02
-1.173160024847830500e+05 -1.174546428434687841e+05 1.386403586857385335e+02
-1.173138708861115010e+05 -1.174546428434687696e+05 1.407719573572624370e+02
-1.173117214211179962e+05 -1.174546428434687987e+05 1.429214223508090527e+02
-1.173095522789164388e+05 -1.174546428434687696e+05 1.450905645523287717e+02
-1.173073637319383124e+05 -1.174546428434687841e+05 1.472791115304676453e+02
-1.173051553654151212e+05 -1.174546428434687696e+05 1.494874780536544563e+02
-1.173029264841820841e+05 -1.174546428434687987e+05 1.517163592867164539e+02
-1.173006761382624099e+05 -1.174546428434687550e+05 1.539667052063466599e+02
-1.172984046158368728e+05 -1.174546428434687696e+05 1.562382276318962226e+02
-1.172961111601262237e+05 -1.174546428434687696e+05 1.585316833425458185e+02
-1.172937967192877986e+05 -1.174546428434687550e+05 1.608461241809548028e+02
-1.172914613305823732e+05 -1.174546428434687841e+05 1.631815128864098199e+02
-1.172891039302063145e+05 -1.174546428434687696e+05 1.655389132624488866e+02
-1.172867261957768787e+05 -1.174546428434687696e+05 1.679166476918967135e+02
-1.172843263642058882e+05 -1.174546428434687696e+05 1.703164792628847124e+02
-1.172819065457527904e+05 -1.174546428434687696e+05 1.727362977159827153e+02
-1.172794640597681428e+05 -1.174546428434687841e+05 1.751787837006470454e+02
-1.172770002271370031e+05 -1.174546428434687550e+05 1.776426163317520093e+02
-1.172745141887561040e+05 -1.174546428434687841e+05 1.801286547126801452e+02
-1.172720061657545593e+05 -1.174546428434687841e+05 1.826366777142227704e+02
-1.172694762064784154e+05 -1.174546428434687987e+05 1.851666369903765030e+02
-1.172669229465948883e+05 -1.174546428434687841e+05 1.877198968738899509e+02
-1.172643433476872451e+05 -1.174546428434687696e+05 1.902994957815177202e+02
-1.172617405289753515e+05 -1.174546428434687696e+05 1.929023144934143374e+02
-1.172591141497577482e+05 -1.174546428434687696e+05 1.955286937110171550e+02
-1.172564636382152967e+05 -1.174546428434687696e+05 1.981792052534721620e+02
-1.172537892316125799e+05 -1.174546428434687841e+05 2.008536118562029742e+02
-1.172510924708007515e+05 -1.174546428434687550e+05 2.035503726679977774e+02
-1.172483720981520455e+05 -1.174546428434687841e+05 2.062707453167388394e+02
-1.172456263791243982e+05 -1.174546428434687696e+05 2.090164643443773116e+02
-1.172428567606664292e+05 -1.174546428434687696e+05 2.117860828023455042e+02
-1.172400603954751859e+05 -1.174546428434687987e+05 2.145824479936177624e+02
-1.172372392427219747e+05 -1.174546428434687696e+05 2.174036007467984746e+02
-1.172343936832851905e+05 -1.174546428434687696e+05 2.202491601835827737e+02
-1.172315212873600540e+05 -1.174546428434687696e+05 2.231215561087221317e+02
-1.172286238201580854e+05 -1.174546428434687696e+05 2.260190233106904998e+02
-1.172257023921788204e+05 -1.174546428434687841e+05 2.289404512899673421e+02
-1.172227552013776440e+05 -1.174546428434687696e+05 2.318876420911303740e+02
-1.172197801591916214e+05 -1.174546428434687987e+05 2.348626842771812733e+02
-1.172167798935959290e+05 -1.174546428434687841e+05 2.378629498728512033e+02
-1.172137525045927323e+05 -1.174546428434687550e+05 2.408903388760190580e+02
-1.172106980212690105e+05 -1.174546428434687550e+05 2.439448221997457154e+02
-1.172076157747872930e+05 -1.174546428434687841e+05 2.470270686814887995e+02
-1.172045078224845056e+05 -1.174546428434687841e+05 2.501350209842770482e+02
-1.172013753746831499e+05 -1.174546428434687841e+05 2.532674687856324169e+02
-1.171982144491142826e+05 -1.174546428434687841e+05 2.564283943544992326e+02
-1.171950279499064636e+05 -1.174546428434687696e+05 2.596148935623110674e+02
-1.171918105393460864e+05 -1.174546428434687841e+05 2.628323041226982468e+02
-1.171885657314954442e+05 -1.174546428434687841e+05 2.660771119733409478e+02
-1.171852936180372344e+05 -1.174546428434687696e+05 2.693492254315335686e+02
-1.171819919444862753e+05 -1.174546428434687841e+05 2.726508989825020421e+02
-1.171786615322697617e+05 -1.174546428434687696e+05 2.759813111990030734e+02
-1.171753026856468787e+05 -1.174546428434687696e+05 2.793401578218968666e+02
-1.171719149682568968e+05 -1.174546428434687696e+05 2.827278752118655234e+02
-1.171684980369369441e+05 -1.174546428434687696e+05 2.861448065318326144e+02
-1.171650529920917470e+05 -1.174546428434687696e+05 2.895898513770277418e+02
-1.171615758716631972e+05 -1.174546428434687696e+05 2.930669718055704607e+02
-1.171580711178021884e+05 -1.174546428434687550e+05 2.965717256665648733e+02
-1.171545374693684425e+05 -1.174546428434687987e+05 3.001053741003623827e+02
-1.171509704996464279e+05 -1.174546428434687841e+05 3.036723438223594940e+02
-1.171473704568066605e+05 -1.174546428434687696e+05 3.072723866621145135e+02
-1.171437395541281876e+05 -1.174546428434687987e+05 3.109032893406084668e+02
-1.171400795022550592e+05 -1.174546428434687696e+05 3.145633412137041773e+02
-1.171363820532475802e+05 -1.174546428434687841e+05 3.182607902212074578e+02
-1.171326543080695992e+05 -1.174546428434687550e+05 3.219885353991530792e+02
-1.171288978960569657e+05 -1.174546428434687841e+05 3.257449474118187709e+02
-1.171251071309981053e+05 -1.174546428434687696e+05 3.295357124706593481e+02
-1.171212798601175455e+05 -1.174546428434687696e+05 3.333629833512270579e+02
-1.171174196744478977e+05 -1.174546428434687696e+05 3.372231690208773784e+02
-1.171135305175487883e+05 -1.174546428434687841e+05 3.411123259199907238e+02
-1.171096029592551786e+05 -1.174546428434687841e+05 3.450398842136125950e+02
-1.171056451023264672e+05 -1.174546428434687550e+05 3.489977411422847240e+02
-1.171016553188553371e+05 -1.174546428434687841e+05 3.529875246134477607e+02
-1.170976304946451419e+05 -1.174546428434687841e+05 3.570123488236382627e+02
-1.170935744506857445e+05 -1.174546428434687696e+05 3.610683927830245921e+02
-1.170894833391767170e+05 -1.174546428434687696e+05 3.651595042920516789e+02
-1.170853557743214333e+05 -1.174546428434687550e+05 3.692870691473274292e+02
-1.170811908445391309e+05 -1.174546428434687696e+05 3.734519989296335325e+02
-1.170769940562844859e+05 -1.174546428434687696e+05 3.776487871842778077e+02
-1.170727607931246894e+05 -1.174546428434687696e+05 3.818820503440864513e+02
-1.170684944089247292e+05 -1.174546428434687841e+05 3.861484345440575794e+02
-1.170641889086063020e+05 -1.174546428434687987e+05 3.904539348625013986e+02
-1.170598474765699502e+05 -1.174546428434687841e+05 3.947953668988319009e+02
-1.170554722221775155e+05 -1.174546428434687696e+05 3.991706212912607725e+02
-1.170510626128290169e+05 -1.174546428434687550e+05 4.035802306397432631e+02
-1.170466127010493947e+05 -1.174546428434687550e+05 4.080301424193553999e+02
-1.170421251912327862e+05 -1.174546428434687841e+05 4.125176522359964792e+02
-1.170376064866738452e+05 -1.174546428434687696e+05 4.170363567949257231e+02
-1.170330511917686381e+05 -1.174546428434687696e+05 4.215916517001351735e+02
-1.170284587227994343e+05 -1.174546428434687696e+05 4.261841206693405866e+02
-1.170238269668590074e+05 -1.174546428434687696e+05 4.308158766097550370e+02
-1.170191526814580866e+05 -1.174546428434687841e+05 4.354901620107025337e+02
-1.170144430858513078e+05 -1.174546428434687696e+05 4.401997576174603637e+02
-1.170096933454926038e+05 -1.174546428434687841e+05 4.449494979761734044e+02
-1.170049028248997492e+05 -1.174546428434687696e+05 4.497400185690245848e+02
-1.170000715365697542e+05 -1.174546428434687841e+05 4.545713068990336865e+02
-1.169951962820666377e+05 -1.174546428434687696e+05 4.594465614021333977e+02
-1.169902811421707156e+05 -1.174546428434687987e+05 4.643617012980812433e+02
-1.169853217485276400e+05 -1.174546428434687987e+05 4.693210949411569572e+02
-1.169803253738600033e+05 -1.174546428434687696e+05 4.743174696087656912e+02
-1.169752928718239418e+05 -1.174546428434687987e+05 4.793499716448510526e+02
-1.169702197788308549e+05 -1.174546428434687550e+05 4.844230646379017458e+02
-1.169651025157004333e+05 -1.174546428434687696e+05 4.895403277683412853e+02
-1.169599386628022039e+05 -1.174546428434687696e+05 4.947041806665690729e+02
-1.169547272064848075e+05 -1.174546428434687841e+05 4.999156369839813578e+02
-1.169494726577404217e+05 -1.174546428434687987e+05 5.051701857283737809e+02
-1.169441774348464969e+05 -1.174546428434687696e+05 5.104654086222791420e+02
-1.169388381675402779e+05 -1.174546428434687696e+05 5.158046759284967493e+02
-1.169334462094572373e+05 -1.174546428434687696e+05 5.211966340115371850e+02
-1.169280099890894489e+05 -1.174546428434687550e+05 5.266328543793132440e+02
-1.169225248060858721e+05 -1.174546428434687841e+05 5.321180373829167820e+02
-1.169169950427049189e+05 -1.174546428434687696e+05 5.376478007638502277e+02
-1.169114219668562146e+05 -1.174546428434687696e+05 5.432208766125509101e+02
-1.169058020672680286e+05 -1.174546428434687987e+05 5.488407762007749398e+02
-1.169001396983302402e+05 -1.174546428434687696e+05 5.545031451385311811e+02
-1.168944209936742263e+05 -1.174546428434687841e+05 5.602218497945618765e+02
-1.168886600175880740e+05 -1.174546428434687696e+05 5.659828258806935537e+02
-1.168828499978094478e+05 -1.174546428434687550e+05 5.717928456593078863e+02
-1.168769947832194739e+05 -1.174546428434687841e+05 5.776480602493043079e+02
-1.168710907508675446e+05 -1.174546428434687696e+05 5.835520926012192149e+02
-1.168651365955104266e+05 -1.174546428434687841e+05 5.895062479583631330e+02
-1.168591336769005284e+05 -1.174546428434687841e+05 5.955091665682562052e+02
-1.168530769238240900e+05 -1.174546428434687696e+05 6.015659196446786154e+02
-1.168469736732790916e+05 -1.174546428434687841e+05 6.076691701896936593e+02
-1.168408194671593228e+05 -1.174546428434687696e+05 6.138233763094426649e+02
-1.168346167876910185e+05 -1.174546428434687550e+05 6.200260557777380654e+02
-1.168283638824442605e+05 -1.174546428434687696e+05 6.262789610245051790e+02
-1.168220590228505898e+05 -1.174546428434687696e+05 6.325838206181737178e+02
-1.168156959431307769e+05 -1.174546428434687550e+05 6.389469003379779224e+02
-1.168092768578534015e+05 -1.174546428434687841e+05 6.453659856153883538e+02
-1.168028072337531630e+05 -1.174546428434687841e+05 6.518356097156149644e+02
-1.167962906694532430e+05 -1.174546428434687696e+05 6.583521740155315456e+02
-1.167897186693318072e+05 -1.174546428434687841e+05 6.649241741369739884e+02
-1.167830927454708726e+05 -1.174546428434687696e+05 6.715500979978997975e+02
-1.167764168179829139e+05 -1.174546428434687841e+05 6.782260254858639428e+02
-1.167696857277827803e+05 -1.174546428434687696e+05 6.849571156859921075e+02
-1.167629028078514239e+05 -1.174546428434687696e+05 6.917400356173400269e+02
-1.167560604907797679e+05 -1.174546428434687696e+05 6.985823526890025050e+02
-1.167491668579734251e+05 -1.174546428434687696e+05 7.054759854953482545e+02
-1.167422144803524716e+05 -1.174546428434687987e+05 7.124283631163335713e+02
-1.167352066622582788e+05 -1.174546428434687696e+05 7.194361812104932596e+02
-1.167281410371683160e+05 -1.174546428434687841e+05 7.265018063004699798e+02
-1.167210198445063579e+05 -1.174546428434687987e+05 7.336229989624418977e+02
-1.167138422265467671e+05 -1.174546428434687696e+05 7.408006169220020638e+02
-1.167066039983769588e+05 -1.174546428434687987e+05 7.480388450918355829e+02
-1.166993041691210965e+05 -1.174546428434687696e+05 7.553386743476708034e+02
-1.166919462424068770e+05 -1.174546428434687550e+05 7.626966010618841665e+02
-1.166845281602881441e+05 -1.174546428434687841e+05 7.701146831806381670e+02
-1.166770406696857681e+05 -1.174546428434687550e+05 7.776021737829847780e+02
-1.166694985582952941e+05 -1.174546428434687696e+05 7.851442851734685746e+02
-1.166618995485210035e+05 -1.174546428434687696e+05 7.927432949477590682e+02
-1.166542322341922263e+05 -1.174546428434687550e+05 8.004106092765301810e+02
-1.166465005571258662e+05 -1.174546428434687987e+05 8.081422863429315839e+02
-1.166387046894614468e+05 -1.174546428434687696e+05 8.159381540073296719e+02
-1.166308368124102999e+05 -1.174546428434687841e+05 8.238060310584842227e+02
-1.166229092956834938e+05 -1.174546428434687696e+05 8.317335477852709573e+02
-1.166149198951251747e+05 -1.174546428434687987e+05 8.397229483436281043e+02
-1.166068636291929142e+05 -1.174546428434687696e+05 8.477792142758532918e+02
-1.165987441108314670e+05 -1.174546428434687696e+05 8.558987326373004407e+02
-1.165905651845742104e+05 -1.174546428434687696e+05 8.640776588945548156e+02
-1.165823158333017054e+05 -1.174546428434687696e+05 8.723270101670630083e+02
-1.165739904640707100e+05 -1.174546428434687841e+05 8.806523793980705932e+02
-1.165656006678547565e+05 -1.174546428434687841e+05 8.890421756140295884e+02
-1.165571346767901705e+05 -1.174546428434687987e+05 8.975081666786219330e+02
-1.165486028236116981e+05 -1.174546428434687841e+05 9.060400198570825978e+02
-1.165400023571261991e+05 -1.174546428434687987e+05 9.146404863425977965e+02
-1.165313301284275076e+05 -1.174546428434687841e+05 9.233127150412731226e+02
-1.165225833301397506e+05 -1.174546428434687987e+05 9.320595133290526064e+02
-1.165137641784827574e+05 -1.174546428434687987e+05 9.408786649860412581e+02
-1.165048784514279687e+05 -1.174546428434687841e+05 9.497643920408112308e+02
-1.164959203752256726e+05 -1.174546428434687841e+05 9.587224682431143492e+02
-1.164868827117939800e+05 -1.174546428434687841e+05 9.677601316748106228e+02
-1.164777777519421070e+05 -1.174546428434687696e+05 9.768650915266605352e+02
-1.164686007379079092e+05 -1.174546428434687696e+05 9.860421055608545657e+02
-1.164593434120150341e+05 -1.174546428434687841e+05 9.952994314537509126e+02
-1.164500182191492495e+05 -1.174546428434687696e+05 1.004624624319524628e+03
-1.164406166571976210e+05 -1.174546428434687987e+05 1.014026186271175220e+03
-1.164311382074032881e+05 -1.174546428434687987e+05 1.023504636065505338e+03
-1.164215809247001453e+05 -1.174546428434687550e+05 1.033061918768607711e+03
-1.164119409946617961e+05 -1.174546428434687696e+05 1.042701848806968428e+03
-1.164022236404280557e+05 -1.174546428434687696e+05 1.052419203040708908e+03
-1.163924353320067748e+05 -1.174546428434687696e+05 1.062207511461989725e+03
-1.163825620538293442e+05 -1.174546428434687987e+05 1.072080789639452632e+03
-1.163725805274917657e+05 -1.174546428434687841e+05 1.082062315977014350e+03
-1.163625203443108912e+05 -1.174546428434687841e+05 1.092122499157891298e+03
-1.163523734561875026e+05 -1.174546428434687696e+05 1.102269387281260151e+03
-1.163421449531151156e+05 -1.174546428434687841e+05 1.112497890353665753e+03
-1.163318398665474379e+05 -1.174546428434687550e+05 1.122802976921314894e+03
-1.163214488995810534e+05 -1.174546428434687696e+05 1.133193943887710248e+03
-1.163109716682714061e+05 -1.174546428434687841e+05 1.143671175197383491e+03
-1.163003940305939032e+05 -1.174546428434687841e+05 1.154248812874883015e+03
-1.162897247213951632e+05 -1.174546428434687696e+05 1.164918122073609311e+03
-1.162789678271394660e+05 -1.174546428434687841e+05 1.175675016329317032e+03
-1.162681068850920128e+05 -1.174546428434687841e+05 1.186535958376778581e+03
-1.162571574109459907e+05 -1.174546428434687696e+05 1.197485432522780684e+03
-1.162461207542495686e+05 -1.174546428434687696e+05 1.208522089219205782e+03
-1.162349951175696333e+05 -1.174546428434687696e+05 1.219647725899138550e+03
-1.162237919621467154e+05 -1.174546428434687696e+05 1.230850881322052828e+03
-1.162124990064572485e+05 -1.174546428434687696e+05 1.242143837011520418e+03
-1.162011013516511448e+05 -1.174546428434687550e+05 1.253541491817614315e+03
-1.161896043943027616e+05 -1.174546428434687550e+05 1.265038449165989050e+03
-1.161780229533456441e+05 -1.174546428434687841e+05 1.276619890123146433e+03
-1.161663427684371272e+05 -1.174546428434687841e+05 1.288300075031659162e+03
-1.161545543235216755e+05 -1.174546428434687696e+05 1.300088519947090390e+03
-1.161426806934990163e+05 -1.174546428434687696e+05 1.311962149969756865e+03
-1.161307056083820935e+05 -1.174546428434687696e+05 1.323937235086678811e+03
-1.161186375755032641e+05 -1.174546428434687841e+05 1.336005267965523672e+03
-1.161064713748715731e+05 -1.174546428434687696e+05 1.348171468597200601e+03
-1.160941978189628135e+05 -1.174546428434687696e+05 1.360445024505949505e+03
-1.160818250110965309e+05 -1.174546428434687696e+05 1.372817832372236353e+03
-1.160693387157160469e+05 -1.174546428434687841e+05 1.385304127752735440e+03
-1.160567477322609484e+05 -1.174546428434687696e+05 1.397895111207826176e+03
-1.160440388838703802e+05 -1.174546428434687696e+05 1.410603959598396159e+03
-1.160312380500059662e+05 -1.174546428434687696e+05 1.423404793462807902e+03
-1.160183218434085284e+05 -1.174546428434687550e+05 1.436321000060220285e+03
-1.160053126057329937e+05 -1.174546428434687550e+05 1.449330237735766104e+03
-1.159922083136759611e+05 -1.174546428434687696e+05 1.462434529792802095e+03
-1.159789911248431017e+05 -1.174546428434687841e+05 1.475651718625687636e+03
-1.159656596803846332e+05 -1.174546428434687550e+05 1.488983163084119951e+03
-1.159522218925575726e+05 -1.174546428434687696e+05 1.502420950911196087e+03
-1.159386777641344815e+05 -1.174546428434687550e+05 1.515965079334269831e+03
-1.159250210775161831e+05 -1.174546428434687696e+05 1.529621765952580972e+03
-1.159112496319242782e+05 -1.174546428434687987e+05 1.543393211544522273e+03
-1.158973525622769812e+05 -1.174546428434687841e+05 1.557290281191806343e+03
-1.158833383738280390e+05 -1.174546428434687841e+05 1.571304469640746447e+03
-1.158692105643941613e+05 -1.174546428434687841e+05 1.585432279074627786e+03
-1.158549756945671543e+05 -1.174546428434687841e+05 1.599667148901626206e+03
-1.158406232422600733e+05 -1.174546428434687550e+05 1.614019601208675795e+03
-1.158261584085234936e+05 -1.174546428434687696e+05 1.628484434945280555e+03
-1.158115723190381250e+05 -1.174546428434687696e+05 1.643070524430647311e+03
-1.157968654182027822e+05 -1.174546428434687696e+05 1.657777425265994452e+03
-1.157820385454657226e+05 -1.174546428434687841e+05 1.672604298003058830e+03
-1.157670699985352840e+05 -1.174546428434687841e+05 1.687572844933496981e+03
-1.157519820581777603e+05 -1.174546428434687696e+05 1.702660785291012644e+03
-1.157367595896474668e+05 -1.174546428434687696e+05 1.717883253821298013e+03
-1.157214116949992458e+05 -1.174546428434687550e+05 1.733231148469514665e+03
-1.157059413841417409e+05 -1.174546428434687696e+05 1.748701459327031671e+03
-1.156903209105387941e+05 -1.174546428434687841e+05 1.764321932929990226e+03
-1.156745788403868355e+05 -1.174546428434687405e+05 1.780064003081903593e+03
-1.156587070664310886e+05 -1.174546428434687987e+05 1.795935777037713251e+03
-1.156427064635975694e+05 -1.174546428434687841e+05 1.811936379871212011e+03
-1.156265773062141234e+05 -1.174546428434687841e+05 1.828065537254666651e+03
-1.156103361282142141e+05 -1.174546428434687841e+05 1.844306715254573419e+03
-1.155939572966676060e+05 -1.174546428434687987e+05 1.860685546801197461e+03
-1.155774482092196704e+05 -1.174546428434687696e+05 1.877194634249092360e+03
-1.155608072174054978e+05 -1.174546428434687841e+05 1.893835626063288828e+03
-1.155440347695454548e+05 -1.174546428434687696e+05 1.910608073923307984e+03
-1.155271299421991862e+05 -1.174546428434687696e+05 1.927512901269577696e+03
-1.155100742022709455e+05 -1.174546428434687987e+05 1.944568641197849274e+03
-1.154928714209897589e+05 -1.174546428434687841e+05 1.961771422479027706e+03
-1.154755339272262499e+05 -1.174546428434687841e+05 1.979108916242541227e+03
-1.154580635907436081e+05 -1.174546428434687550e+05 1.996579252725140577e+03
-1.154404430025220936e+05 -1.174546428434687841e+05 2.014199840946688028e+03
-1.154227028459889261e+05 -1.174546428434687550e+05 2.031939997479832755e+03
-1.154048109175822610e+05 -1.174546428434687696e+05 2.049831925886505815e+03
-1.153867705270743172e+05 -1.174546428434687841e+05 2.067872316394463724e+03
-1.153685921609334473e+05 -1.174546428434687987e+05 2.086050682535350461e+03
-1.153502756098353857e+05 -1.174546428434687696e+05 2.104367233633382511e+03
-1.153318095817209396e+05 -1.174546428434687696e+05 2.122833261747824963e+03
-1.153131743229356216e+05 -1.174546428434687696e+05 2.141468520533148876e+03
-1.152943776200153661e+05 -1.174546428434687696e+05 2.160265223453398903e+03
-1.152754132269273105e+05 -1.174546428434687696e+05 2.179229616541458199e+03
-1.152563022828305111e+05 -1.174546428434687841e+05 2.198340560638268926e+03
-1.152370427009192354e+05 -1.174546428434687696e+05 2.217600142549534212e+03
-1.152176183696217777e+05 -1.174546428434687987e+05 2.237024473847016452e+03
-1.151980400349838019e+05 -1.174546428434687841e+05 2.256602808484988600e+03
-1.151782964290062519e+05 -1.174546428434687841e+05 2.276346414462534085e+03
-1.151584013102531171e+05 -1.174546428434687841e+05 2.296241533215671097e+03
-1.151383219031753542e+05 -1.174546428434687550e+05 2.316320940293395324e+03
-1.151180674794956285e+05 -1.174546428434687405e+05 2.336575363973109688e+03
-1.150976524253895041e+05 -1.174546428434687841e+05 2.356990418079281426e+03
-1.150770814780167566e+05 -1.174546428434687696e+05 2.377561365452006612e+03
-1.150563281156099256e+05 -1.174546428434687696e+05 2.398314727858850347e+03
-1.150353811286063283e+05 -1.174546428434687841e+05 2.419261714862459939e+03
-1.150142424935869058e+05 -1.174546428434687696e+05 2.440400349881857437e+03
-1.149929423669451498e+05 -1.174546428434687841e+05 2.461700476523628367e+03
-1.149714776912055677e+05 -1.174546428434687550e+05 2.483165152263190066e+03
-1.149498271052400669e+05 -1.174546428434687550e+05 2.504815738228688588e+03
-1.149279942750490736e+05 -1.174546428434687696e+05 2.526648568419701405e+03
-1.149059840165651694e+05 -1.174546428434687550e+05 2.548658826903588761e+03
-1.148837941576549347e+05 -1.174546428434687841e+05 2.570848685813846259e+03
-1.148614250604130648e+05 -1.174546428434687987e+05 2.593217783055727068e+03
-1.148388918532580719e+05 -1.174546428434687841e+05 2.615750990210705822e+03
-1.148161785948994366e+05 -1.174546428434687696e+05 2.638464248569326628e+03
-1.147932670249865623e+05 -1.174546428434687987e+05 2.661375818482234990e+03
-1.147701730386938580e+05 -1.174546428434687696e+05 2.684469804774914792e+03
-1.147468971424337360e+05 -1.174546428434687841e+05 2.707745701035048114e+03
-1.147234224437901576e+05 -1.174546428434687841e+05 2.731220399678627473e+03
-1.146997519973032904e+05 -1.174546428434687696e+05 2.754890846165480525e+03
-1.146759002315077960e+05 -1.174546428434687696e+05 2.778742611960978138e+03
-1.146518584288580169e+05 -1.174546428434687696e+05 2.802784414610759541e+03
-1.146276216677086486e+05 -1.174546428434687696e+05 2.827021175760119604e+03
-1.146031872529978718e+05 -1.174546428434687696e+05 2.851455590470898642e+03
-1.145785453023531009e+05 -1.174546428434687696e+05 2.876097541115662352e+03
-1.145536924374385126e+05 -1.174546428434687550e+05 2.900950406030239265e+03
-1.145286435283902101e+05 -1.174546428434687550e+05 2.925999315078542168e+03
-1.145033706998735288e+05 -1.174546428434687696e+05 2.951272143595247144e+03
-1.144779133964563080e+05 -1.174546428434687696e+05 2.976729447012459786e+03
-1.144522330563709838e+05 -1.174546428434687841e+05 3.002409787097796652e+03
-1.144263205191850429e+05 -1.174546428434687841e+05 3.028322324283734361e+03
-1.144001922488413111e+05 -1.174546428434687841e+05 3.054450594627479404e+03
-1.143738501955682441e+05 -1.174546428434687841e+05 3.080792647900542761e+03
-1.143472762009522121e+05 -1.174546428434687696e+05 3.107366642516557476e+03
-1.143204842590267508e+05 -1.174546428434687841e+05 3.134158584442033316e+03
-1.142934880617780727e+05 -1.174546428434687696e+05 3.161154781690703658e+03
-1.142662724477299053e+05 -1.174546428434687696e+05 3.188370395738869320e+03
-1.142388065073440521e+05 -1.174546428434687841e+05 3.215836336124736590e+03
-1.142111367480022600e+05 -1.174546428434687841e+05 3.243506095466517763e+03
-1.141832122035009234e+05 -1.174546428434687696e+05 3.271430639967842581e+03
-1.141550612821698596e+05 -1.174546428434687550e+05 3.299581561298902216e+03
-1.141266862597500440e+05 -1.174546428434687550e+05 3.327956583718714228e+03
-1.140980672798816668e+05 -1.174546428434687696e+05 3.356575563587100078e+03
-1.140692450417300424e+05 -1.174546428434687841e+05 3.385397801738744874e+03
-1.140402100369615946e+05 -1.174546428434687841e+05 3.414432806507195892e+03
-1.140108716857277468e+05 -1.174546428434688132e+05 3.443771157741069601e+03
-1.139812996436072135e+05 -1.174546428434687841e+05 3.473343199861568792e+03
-1.139514948225510889e+05 -1.174546428434687841e+05 3.503148020917689792e+03
-1.139214130965254153e+05 -1.174546428434687987e+05 3.533229746943379723e+03
-1.138910650635501370e+05 -1.174546428434687841e+05 3.563577779918648048e+03
-1.138604615483449597e+05 -1.174546428434687550e+05 3.594181295123796190e+03
-1.138296042088698741e+05 -1.174546428434687987e+05 3.625038634598930003e+03
-1.137984760508270265e+05 -1.174546428434687987e+05 3.656166792641769462e+03
-1.137670808514561941e+05 -1.174546428434687696e+05 3.687561992012580959e+03
-1.137354237234889151e+05 -1.174546428434687841e+05 3.719219119979869902e+03
-1.137035048409070587e+05 -1.174546428434687696e+05 3.751138002561718167e+03
-1.136713063491920766e+05 -1.174546428434687841e+05 3.783336494276701615e+03
-1.136388402032359445e+05 -1.174546428434687987e+05 3.815802640232856902e+03
-1.136060963321361924e+05 -1.174546428434687696e+05 3.848546511332583577e+03
-1.135730531656821404e+05 -1.174546428434687841e+05 3.881589677786642824e+03
-1.135397497070738173e+05 -1.174546428434687696e+05 3.914893136394954581e+03
-1.135061726213382499e+05 -1.174546428434687841e+05 3.948470222130539241e+03
-1.134722938702141255e+05 -1.174546428434687841e+05 3.982348973254661360e+03
-1.134381213150648837e+05 -1.174546428434687841e+05 4.016521528403901812e+03
-1.134036641448553128e+05 -1.174546428434687696e+05 4.050978698613454526e+03
-1.133689274037913128e+05 -1.174546428434687696e+05 4.085715439677450831e+03
-1.133339491515465343e+05 -1.174546428434687841e+05 4.120693691922255312e+03
-1.132986540122860461e+05 -1.174546428434687841e+05 4.155988831182740796e+03
-1.132630458912110043e+05 -1.174546428434687696e+05 4.191596952257768862e+03
-1.132271692511976580e+05 -1.174546428434687987e+05 4.227473592271146117e+03
-1.131909760008134326e+05 -1.174546428434687696e+05 4.263666842655331493e+03
-1.131545120780535945e+05 -1.174546428434687841e+05 4.300130765415191490e+03
-1.131177544246971374e+05 -1.174546428434687696e+05 4.336888418771633042e+03
-1.130807270654438616e+05 -1.174546428434687696e+05 4.373915778024906103e+03
-1.130433799428118218e+05 -1.174546428434687696e+05 4.411262900656953207e+03
-1.130057483710251545e+05 -1.174546428434687841e+05 4.448894472443626910e+03
-1.129678232536517608e+05 -1.174546428434687841e+05 4.486819589817024280e+03
-1.129295943969521031e+05 -1.174546428434687696e+05 4.525048446516663716e+03
-1.128910267550771532e+05 -1.174546428434687987e+05 4.563616088391639096e+03
-1.128521762119612977e+05 -1.174546428434687696e+05 4.602466631507477359e+03
-1.128129635485273466e+05 -1.174546428434687841e+05 4.641679294941439366e+03
-1.127734043933548091e+05 -1.174546428434687841e+05 4.681238450113970430e+03
-1.127335258804835612e+05 -1.174546428434687696e+05 4.721116962985213831e+03
-1.126933437395827350e+05 -1.174546428434687696e+05 4.761299103886036391e+03
-1.126528008387385344e+05 -1.174546428434687841e+05 4.801842004730255212e+03
-1.126119730357658991e+05 -1.174546428434687696e+05 4.842669807702877733e+03
-1.125707815246727550e+05 -1.174546428434687696e+05 4.883861318796016349e+03
-1.125293080252138025e+05 -1.174546428434687696e+05 4.925334818254959828e+03
-1.124874943607927999e+05 -1.174546428434687841e+05 4.967148482675986088e+03
-1.124453595083440014e+05 -1.174546428434687696e+05 5.009283335124768200e+03
-1.124029204111728613e+05 -1.174546428434687405e+05 5.051722432295883664e+03
-1.123601248161059921e+05 -1.174546428434687696e+05 5.094518027362773864e+03
-1.123169710551000026e+05 -1.174546428434687987e+05 5.137671788368790658e+03
-1.122734803610998206e+05 -1.174546428434687841e+05 5.181162482368960809e+03
-1.122295991630850185e+05 -1.174546428434687696e+05 5.225043680383756509e+03
-1.121853357790958835e+05 -1.174546428434687841e+05 5.269307064372899731e+03
-1.121406815494910843e+05 -1.174546428434687987e+05 5.313961293977711648e+03
-1.120956782781764050e+05 -1.174546428434687841e+05 5.358964565292380939e+03
-1.120503768619197072e+05 -1.174546428434687696e+05 5.404265981549056960e+03
-1.120047079695913708e+05 -1.174546428434687696e+05 5.449934873877400605e+03
-1.119586933523744374e+05 -1.174546428434687841e+05 5.495949491094347650e+03
-1.119123197635382530e+05 -1.174546428434687696e+05 5.542323079930523818e+03
-1.118656441507133131e+05 -1.174546428434687841e+05 5.588998692755478260e+03
-1.118185757149955753e+05 -1.174546428434687550e+05 5.636067128473175217e+03
-1.117711285562870180e+05 -1.174546428434687696e+05 5.683514287181747932e+03
-1.117233310058746574e+05 -1.174546428434687987e+05 5.731311837594146709e+03
-1.116751240362443787e+05 -1.174546428434687841e+05 5.779518807224407283e+03
-1.116265029838562477e+05 -1.174546428434687841e+05 5.828139859612534565e+03
-1.115775488422321650e+05 -1.174546428434688132e+05 5.877094001236645454e+03
-1.115281618132150325e+05 -1.174546428434687550e+05 5.926481030253724384e+03
-1.114783130949233309e+05 -1.174546428434687841e+05 5.976329748545446819e+03
-1.114280461296075227e+05 -1.174546428434687987e+05 6.026596713861273201e+03
-1.113773349740781123e+05 -1.174546428434687841e+05 6.077307869390664564e+03
-1.113262228792710812e+05 -1.174546428434687550e+05 6.128419964197671106e+03
-1.112746458925730403e+05 -1.174546428434687841e+05 6.179996950895745613e+03
-1.112226919600306719e+05 -1.174546428434687987e+05 6.231950883438123128e+03
-1.111703297139905917e+05 -1.174546428434687550e+05 6.284313129478167866e+03
-1.111175780553762888e+05 -1.174546428434687841e+05 6.337064788092497110e+03
-1.110643646386355249e+05 -1.174546428434687841e+05 6.390278204833264681e+03
-1.110107455927190458e+05 -1.174546428434687841e+05 6.443897250749743762e+03
-1.109566325722114270e+05 -1.174546428434687696e+05 6.498010271257344357e+03
-1.109020701674514712e+05 -1.174546428434687550e+05 6.552572676017285630e+03
-1.108469708447972953e+05 -1.174546428434687696e+05 6.607671998671472466e+03
-1.107913263855328696e+05 -1.174546428434687841e+05 6.663316457935919971e+03
-1.107352239531033556e+05 -1.174546428434687841e+05 6.719418890365435800e+03
-1.106786619610999915e+05 -1.174546428434687696e+05 6.775980882368779930e+03
-1.106217328050238575e+05 -1.174546428434687841e+05 6.832910038444932070e+03
-1.105643528266950307e+05 -1.174546428434687696e+05 6.890290016773740717e+03
-1.105064820790203376e+05 -1.174546428434687841e+05 6.948160764448452028e+03
-1.104481676907626243e+05 -1.174546428434687841e+05 7.006475152706163499e+03
-1.103892601249428553e+05 -1.174546428434687841e+05 7.065382718525925156e+03
-1.103299614723395498e+05 -1.174546428434687841e+05 7.124681371129239778e+03
-1.102701424503956514e+05 -1.174546428434687841e+05 7.184500393073133637e+03
-1.102099068063437735e+05 -1.174546428434687550e+05 7.244736037124979703e+03
-1.101491993603060255e+05 -1.174546428434687987e+05 7.305443483162766825e+03
-1.100880033762445382e+05 -1.174546428434687696e+05 7.366639467224238615e+03
-1.100262901778186060e+05 -1.174546428434687696e+05 7.428352665650164454e+03
-1.099641348525513167e+05 -1.174546428434687696e+05 7.490507990917456482e+03
-1.099014966223858210e+05 -1.174546428434687987e+05 7.553146221082972261e+03
-1.098383393700787274e+05 -1.174546428434687987e+05 7.616303473390074032e+03
-1.097747317898560577e+05 -1.174546428434687841e+05 7.679911053612730029e+03
-1.097105422589780646e+05 -1.174546428434687841e+05 7.744100584490720394e+03
-1.096458418490896584e+05 -1.174546428434687696e+05 7.808800994379118492e+03
-1.095805833161977207e+05 -1.174546428434687841e+05 7.874059527271065235e+03
-1.095147354923204111e+05 -1.174546428434687841e+05 7.939907351148368434e+03
-1.094483945096669486e+05 -1.174546428434687841e+05 8.006248333801828267e+03
-1.093815111668443569e+05 -1.174546428434687696e+05 8.073131676624413558e+03
-1.093140871228399483e+05 -1.174546428434687987e+05 8.140555720628845847e+03
-1.092462389701269858e+05 -1.174546428434687696e+05 8.208403873341780127e+03
-1.091778152918087144e+05 -1.174546428434688132e+05 8.276827551660098834e+03
-1.091088498013640346e+05 -1.174546428434687696e+05 8.345793042104733104e+03
-1.090393852454498556e+05 -1.174546428434687841e+05 8.415257598018934004e+03
-1.089694239140385325e+05 -1.174546428434687696e+05 8.485218929430233402e+03
-1.088988718003706017e+05 -1.174546428434687841e+05 8.555771043098182417e+03
-1.088278057641812193e+05 -1.174546428434687841e+05 8.626837079287564848e+03
-1.087560697184777819e+05 -1.174546428434687841e+05 8.698573124991000441e+03
-1.086838914511535695e+05 -1.174546428434687696e+05 8.770751392315196426e+03
-1.086111708985650766e+05 -1.174546428434687696e+05 8.843471944903687472e+03
-1.085379453932760807e+05 -1.174546428434687987e+05 8.916697450192723409e+03
-1.084641917886629526e+05 -1.174546428434687696e+05 8.990451054805816966e+03
-1.083898551705688005e+05 -1.174546428434687841e+05 9.064787672899989047e+03
-1.083150005309844710e+05 -1.174546428434687696e+05 9.139642312484296781e+03
-1.082395566513279919e+05 -1.174546428434687550e+05 9.215086192140761341e+03
-1.081636095882665104e+05 -1.174546428434687696e+05 9.291033255202259170e+03
-1.080870064117875445e+05 -1.174546428434687550e+05 9.367636431681206886e+03
-1.080097305759689043e+05 -1.174546428434687987e+05 9.444912267499890731e+03
-1.079319415645778063e+05 -1.174546428434687987e+05 9.522701278890985122e+03
-1.078536491237795417e+05 -1.174546428434687696e+05 9.600993719689231511e+03
-1.077746839782626921e+05 -1.174546428434687841e+05 9.679958865206093833e+03
-1.076951604365714884e+05 -1.174546428434687841e+05 9.759482406897290275e+03
-1.076151321563725360e+05 -1.174546428434687841e+05 9.839510687096249967e+03
-1.075344798213243193e+05 -1.174546428434687550e+05 9.920163022144435672e+03
-1.074531745760675985e+05 -1.174546428434687696e+05 1.000146826740117649e+04
-1.073711275446087675e+05 -1.174546428434687696e+05 1.008351529886000571e+04
-1.072884686055389320e+05 -1.174546428434687987e+05 1.016617423792986301e+04
-1.072052468294083083e+05 -1.174546428434687696e+05 1.024939601406045585e+04
-1.071213490590101283e+05 -1.174546428434687841e+05 1.033329378445865586e+04
-1.070368257432613318e+05 -1.174546428434687696e+05 1.041781710020744322e+04
-1.069517253349281091e+05 -1.174546428434687841e+05 1.050291750854067868e+04
-1.068659716576811479e+05 -1.174546428434687550e+05 1.058867118578760892e+04
-1.067795213430270669e+05 -1.174546428434687696e+05 1.067512150044169721e+04
-1.066924564168365469e+05 -1.174546428434687841e+05 1.076218642663223363e+04
-1.066046563471185946e+05 -1.174546428434687696e+05 1.084998649635017136e+04
-1.065161883420142112e+05 -1.174546428434687841e+05 1.093845450145456562e+04
-1.064270384220481646e+05 -1.174546428434687550e+05 1.102760442142059219e+04
-1.063370993947822717e+05 -1.174546428434687696e+05 1.111754344868650514e+04
-1.062465880793796969e+05 -1.174546428434687841e+05 1.120805476408909453e+04
-1.061552657793934923e+05 -1.174546428434687550e+05 1.129937706407526639e+04
-1.060633140775891661e+05 -1.174546428434687696e+05 1.139132876587960163e+04
-1.059706711688113428e+05 -1.174546428434687405e+05 1.148397167465739767e+04
-1.058772648038669286e+05 -1.174546428434687696e+05 1.157737803960184647e+04
-1.057830566193815321e+05 -1.174546428434687841e+05 1.167158622408725023e+04
-1.056880511812156474e+05 -1.174546428434687987e+05 1.176659166225315857e+04
-1.055923893346872210e+05 -1.174546428434687696e+05 1.186225350878155223e+04
-1.054960959267826111e+05 -1.174546428434687696e+05 1.195854691668616033e+04
-1.053990452960287948e+05 -1.174546428434687841e+05 1.205559754743998383e+04
-1.053014022916006943e+05 -1.174546428434687987e+05 1.215324055186810801e+04
-1.052030348556612444e+05 -1.174546428434687696e+05 1.225160798780753248e+04
-1.051038708648756001e+05 -1.174546428434687696e+05 1.235077197859316948e+04
-1.050039843269230623e+05 -1.174546428434687696e+05 1.245065851654570361e+04
-1.049032708765932184e+05 -1.174546428434687987e+05 1.255137196687557844e+04
-1.048019278741038288e+05 -1.174546428434687987e+05 1.265271496936497351e+04
-1.046997717283591628e+05 -1.174546428434687696e+05 1.275487111510960312e+04
-1.045968961981275061e+05 -1.174546428434687987e+05 1.285774664534128715e+04
-1.044932997161680541e+05 -1.174546428434687841e+05 1.296134312730072634e+04
-1.043886405580858991e+05 -1.174546428434687841e+05 1.306600228538289230e+04
-1.042830854055410891e+05 -1.174546428434687841e+05 1.317155743792769135e+04
-1.041767488788307237e+05 -1.174546428434687987e+05 1.327789396463807861e+04
-1.040694887505792722e+05 -1.174546428434687987e+05 1.338515409288953015e+04
-1.039616833649515902e+05 -1.174546428434687841e+05 1.349295947851719393e+04
-1.038530283038634225e+05 -1.174546428434687987e+05 1.360161453960538347e+04
-1.037434507354485249e+05 -1.174546428434687696e+05 1.371119210802024099e+04
-1.036329319187522924e+05 -1.174546428434687841e+05 1.382171092471648444e+04
-1.035213859728462412e+05 -1.174546428434687987e+05 1.393325687062255201e+04
-1.034089723695960274e+05 -1.174546428434687696e+05 1.404567047387274579e+04
-1.032958829167225049e+05 -1.174546428434687696e+05 1.415875992674626650e+04
-1.031820267827308271e+05 -1.174546428434687696e+05 1.427261606073793519e+04
-1.030674404408294649e+05 -1.174546428434687696e+05 1.438720240263930100e+04
-1.029517475071944209e+05 -1.174546428434687841e+05 1.450289533627435776e+04
-1.028353843325966154e+05 -1.174546428434687550e+05 1.461925851087213778e+04
-1.027180922181243513e+05 -1.174546428434687987e+05 1.473655062534445096e+04
-1.025998238756439678e+05 -1.174546428434687550e+05 1.485481896782478361e+04
-1.024807438380817766e+05 -1.174546428434687841e+05 1.497389900538700749e+04
-1.023603875582597393e+05 -1.174546428434687841e+05 1.509425528520904300e+04
-1.022392514625138137e+05 -1.174546428434687987e+05 1.521539138095499220e+04
-1.021173799395955575e+05 -1.174546428434687987e+05 1.533726290387324480e+04
-1.019946092475944024e+05 -1.174546428434687841e+05 1.546003359587437808e+04
-1.018709778110614279e+05 -1.174546428434687841e+05 1.558366503240735619e+04
-1.017464961783891631e+05 -1.174546428434687696e+05 1.570814666507960283e+04
-1.016208008155774151e+05 -1.174546428434687696e+05 1.583384202789134906e+04
-1.014942449990145105e+05 -1.174546428434687696e+05 1.596039784445425357e+04
-1.013667363528169226e+05 -1.174546428434687841e+05 1.608790649065185426e+04
-1.012381469908956788e+05 -1.174546428434687841e+05 1.621649585257309991e+04
-1.011086206780810026e+05 -1.174546428434687841e+05 1.634602216538777793e+04
-1.009777763419651455e+05 -1.174546428434687550e+05 1.647686650150360947e+04
-1.008457647412863444e+05 -1.174546428434687696e+05 1.660887810218243249e+04
-1.007126525639404572e+05 -1.174546428434687405e+05 1.674199027952828692e+04
-1.005783973416501831e+05 -1.174546428434687696e+05 1.687624550181859013e+04
-1.004431706089391955e+05 -1.174546428434687841e+05 1.701147223452959588e+04
-1.003070938161612139e+05 -1.174546428434687696e+05 1.714754902730754839e+04
-1.001696673644456023e+05 -1.174546428434687696e+05 1.728497547902317456e+04
-1.000316362190167129e+05 -1.174546428434687696e+05 1.742300662445206399e+04
-9.989241711415344616e+04 -1.174546428434687841e+05 1.756222572931533796e+04
-9.975201601396239130e+04 -1.174546428434687696e+05 1.770262682950637827e+04
-9.961080417296275846e+04 -1.174546428434687696e+05 1.784383867050600747e+04
-9.946830034306822927e+04 -1.174546428434687987e+05 1.798634250040056213e+04
-9.932463334911345737e+04 -1.174546428434687696e+05 1.813000949435531220e+04
-9.917988726779626450e+04 -1.174546428434687841e+05 1.827475557567251963e+04
-9.903420243767958891e+04 -1.174546428434687696e+05 1.842044040578917702e+04
-9.888757597925845766e+04 -1.174546428434687696e+05 1.856706686421031191e+04
-9.873997938738411176e+04 -1.174546428434687841e+05 1.871466345608467964e+04
-9.859139832095772726e+04 -1.174546428434687841e+05 1.886324452251105322e+04
-9.844144799432728905e+04 -1.174546428434687987e+05 1.901319484914150235e+04
-9.829037232713880076e+04 -1.174546428434687696e+05 1.916427051632997245e+04
-9.813826688622811344e+04 -1.174546428434687696e+05 1.931637595724066341e+04
-9.798457366514488240e+04 -1.174546428434687696e+05 1.947006917832388717e+04
-9.782996625928470166e+04 -1.174546428434687696e+05 1.962467658418407154e+04
-9.767406249953476072e+04 -1.174546428434687696e+05 1.978058034393400885e+04
-9.751703531520131219e+04 -1.174546428434687550e+05 1.993760752826743919e+04
-9.735913711308028724e+04 -1.174546428434687841e+05 2.009550573038849689e+04
-9.719973675613359956e+04 -1.174546428434687696e+05 2.025490608733517001e+04
-9.703940856891048315e+04 -1.174546428434687987e+05 2.041523427455831188e+04
-9.687779668240275350e+04 -1.174546428434687841e+05 2.057684616106603789e+04
-9.671460132710568723e+04 -1.174546428434687550e+05 2.074004151636307506e+04
-9.655055223137166467e+04 -1.174546428434687987e+05 2.090409061209713400e+04
-9.638505875162711891e+04 -1.174546428434687696e+05 2.106958409184164702e+04
-9.621823102731863037e+04 -1.174546428434687696e+05 2.123641181615013193e+04
-9.605042603365571995e+04 -1.174546428434687987e+05 2.140421680981307873e+04
-9.588103692672267789e+04 -1.174546428434687841e+05 2.157360591674611351e+04
-9.571042035666911397e+04 -1.174546428434687841e+05 2.174422248679966651e+04
-9.553842907427497266e+04 -1.174546428434687841e+05 2.191621376919380782e+04
-9.536530319885684003e+04 -1.174546428434687841e+05 2.208933964461194410e+04
-9.519055311959618120e+04 -1.174546428434687841e+05 2.226408972387260292e+04
-9.501429107241488236e+04 -1.174546428434687696e+05 2.244035177105389084e+04
-9.483696869081666227e+04 -1.174546428434687696e+05 2.261767415265210366e+04
-9.465817563379215426e+04 -1.174546428434687696e+05 2.279646720967660804e+04
-9.447781818503106479e+04 -1.174546428434687550e+05 2.297682465843769751e+04
-9.429623634025824140e+04 -1.174546428434687841e+05 2.315840650321055000e+04
-9.411273948171696975e+04 -1.174546428434687987e+05 2.334190336175182892e+04
-9.392822584580752300e+04 -1.174546428434687696e+05 2.352641699766123929e+04
-9.374206044431061309e+04 -1.174546428434687987e+05 2.371258239915818558e+04
-9.355428177703969413e+04 -1.174546428434687696e+05 2.390036106642906816e+04
-9.336483565140850260e+04 -1.174546428434687841e+05 2.408980719206028516e+04
-9.317425316089129774e+04 -1.174546428434687696e+05 2.428038968257747911e+04
-9.298237629580736393e+04 -1.174546428434687696e+05 2.447226654766140200e+04
-9.278920311851540464e+04 -1.174546428434687987e+05 2.466543972495338676e+04
-9.259453175380101311e+04 -1.174546428434687696e+05 2.486011108966775282e+04
-9.239847593002207577e+04 -1.174546428434687841e+05 2.505616691344671563e+04
-9.220051015882339561e+04 -1.174546428434687841e+05 2.525413268464538487e+04
-9.200160857287936960e+04 -1.174546428434687841e+05 2.545303427058941452e+04
-9.180036934591885074e+04 -1.174546428434687550e+05 2.565427349754989700e+04
-9.159789378830345231e+04 -1.174546428434687696e+05 2.585674905516530998e+04
-9.139393090466252761e+04 -1.174546428434687696e+05 2.606071193880624196e+04
-9.118870404574349232e+04 -1.174546428434687696e+05 2.626593879772528089e+04
-9.098213205344183370e+04 -1.174546428434687696e+05 2.647251079002692859e+04
-9.077445335615075601e+04 -1.174546428434687841e+05 2.668018948731802811e+04
-9.056542030126992904e+04 -1.174546428434687841e+05 2.688922254219885508e+04
-9.035450363793630095e+04 -1.174546428434687696e+05 2.710013920553246498e+04
-9.014249286043032771e+04 -1.174546428434687841e+05 2.731214998303846369e+04
-8.992913298282744654e+04 -1.174546428434687841e+05 2.752550986064133758e+04
-8.971426013723418873e+04 -1.174546428434687696e+05 2.774038270623458084e+04
-8.949762520290515386e+04 -1.174546428434687841e+05 2.795701764056363027e+04
-8.928021395167231094e+04 -1.174546428434687550e+05 2.817442889179644408e+04
-8.906200254150337423e+04 -1.174546428434687841e+05 2.839264030196541717e+04
-8.884207184149588284e+04 -1.174546428434687550e+05 2.861257100197286854e+04
-8.862009324521897361e+04 -1.174546428434687696e+05 2.883454959824980324e+04
-8.839681456588096626e+04 -1.174546428434687696e+05 2.905782827758779968e+04
-8.817196219119429588e+04 -1.174546428434687696e+05 2.928268065227447732e+04
-8.794559204813982069e+04 -1.174546428434687696e+05 2.950905079532894888e+04
-8.771744821035218774e+04 -1.174546428434687987e+05 2.973719463311660365e+04
-8.748764345394479460e+04 -1.174546428434687841e+05 2.996699938952398225e+04
-8.725677879887807649e+04 -1.174546428434687841e+05 3.019786404459071491e+04
-8.702408052014255372e+04 -1.174546428434687550e+05 3.043056232332620129e+04
-8.678962185551899893e+04 -1.174546428434687841e+05 3.066502098794978883e+04
-8.655393135526111291e+04 -1.174546428434687987e+05 3.090071148820768576e+04
-8.631683644277254643e+04 -1.174546428434687841e+05 3.113780640069624133e+04
-8.607755737159174168e+04 -1.174546428434687841e+05 3.137708547187704971e+04
-8.583686583708315447e+04 -1.174546428434687841e+05 3.161777700638562601e+04
-8.559513254722725833e+04 -1.174546428434687696e+05 3.185951029624151852e+04
-8.535110877706199244e+04 -1.174546428434687696e+05 3.210353406640677713e+04
-8.510464458418678259e+04 -1.174546428434687550e+05 3.234999825928196879e+04
-8.485689565719010716e+04 -1.174546428434687841e+05 3.259774718627867333e+04
-8.460776418958915747e+04 -1.174546428434687696e+05 3.284687865387960483e+04
-8.435787111636679037e+04 -1.174546428434687841e+05 3.309677172710199375e+04
-8.410587368952017277e+04 -1.174546428434687696e+05 3.334876915394860407e+04
-8.385186099731404101e+04 -1.174546428434687550e+05 3.360278184615471400e+04
-8.359656354317921796e+04 -1.174546428434687405e+05 3.385807930028952251e+04
-8.334058064964722143e+04 -1.174546428434687696e+05 3.411406219382154814e+04
-8.308291096509652562e+04 -1.174546428434687696e+05 3.437173187837223668e+04
-8.282433502831014630e+04 -1.174546428434687841e+05 3.463030781515863782e+04
-8.256383370894729160e+04 -1.174546428434687696e+05 3.489080913452147070e+04
-8.230168978348324890e+04 -1.174546428434687550e+05 3.515295305998550612e+04
-8.203699514081751113e+04 -1.174546428434687550e+05 3.541764770265124389e+04
-8.177107939320935111e+04 -1.174546428434687987e+05 3.568356345025944756e+04
-8.150333342632497079e+04 -1.174546428434687841e+05 3.595130941714381333e+04
-8.123404627719015116e+04 -1.174546428434687841e+05 3.622059656627864024e+04
-8.096360641151625896e+04 -1.174546428434687841e+05 3.649103643195251789e+04
-8.069134423663959024e+04 -1.174546428434687696e+05 3.676329860682917933e+04
-8.041761374854526366e+04 -1.174546428434687550e+05 3.703702909492349136e+04
-8.014201684897940140e+04 -1.174546428434687841e+05 3.731262599448939000e+04
-7.986512800543302728e+04 -1.174546428434687841e+05 3.758951483803575684e+04
-7.958594697751253261e+04 -1.174546428434687841e+05 3.786869586595625151e+04
-7.930563065846246900e+04 -1.174546428434687987e+05 3.814901218500632967e+04
-7.902305691389483400e+04 -1.174546428434687987e+05 3.843158592957396468e+04
-7.873976474001596216e+04 -1.174546428434687696e+05 3.871487810345281468e+04
-7.845352325232309522e+04 -1.174546428434688132e+05 3.900111959114572528e+04
-7.816446811045482173e+04 -1.174546428434687841e+05 3.929017473301396967e+04
-7.787399426407855935e+04 -1.174546428434687987e+05 3.958064857939023204e+04
-7.758146346267724584e+04 -1.174546428434687987e+05 3.987317938079155283e+04
-7.728680075958187808e+04 -1.174546428434688132e+05 4.016784208388693514e+04
-7.699072632809978677e+04 -1.174546428434687987e+05 4.046391651536900463e+04
-7.669328220453433460e+04 -1.174546428434687550e+05 4.076136063893442042e+04
-7.639253998843580484e+04 -1.174546428434687696e+05 4.106210285503296473e+04
-7.609079804198944476e+04 -1.174546428434687696e+05 4.136384480147932481e+04
-7.578684119842702057e+04 -1.174546428434687696e+05 4.166780164504174900e+04
-7.548029922256003192e+04 -1.174546428434687841e+05 4.197434362090875220e+04
-7.517199554747385264e+04 -1.174546428434687696e+05 4.228264729599491693e+04
-7.486278336397242674e+04 -1.174546428434687550e+05 4.259185947949632828e+04
-7.455137192520342069e+04 -1.174546428434687841e+05 4.290327091826537071e+04
-7.423810220114371623e+04 -1.174546428434687696e+05 4.321654064232505334e+04
-7.392238984431208519e+04 -1.174546428434687841e+05 4.353225299915669893e+04
-7.360482457372895442e+04 -1.174546428434687987e+05 4.384981826973984425e+04
-7.328499297542995191e+04 -1.174546428434687841e+05 4.416964986803882493e+04
-7.296370104175961751e+04 -1.174546428434687841e+05 4.449094180170916661e+04
-7.264094798028409423e+04 -1.174546428434687987e+05 4.481369486318470445e+04
-7.231523079202664667e+04 -1.174546428434687841e+05 4.513941205144213018e+04
-7.198865677262417739e+04 -1.174546428434687841e+05 4.546598607084459945e+04
-7.166110304887933307e+04 -1.174546428434687696e+05 4.579353979458942922e+04
-7.133213946810002381e+04 -1.174546428434687841e+05 4.612250337536876032e+04
-7.100197344721111585e+04 -1.174546428434687696e+05 4.645266939625764644e+04
-7.067000303417359828e+04 -1.174546428434687841e+05 4.678463980929519312e+04
-7.033527872113802005e+04 -1.174546428434687841e+05 4.711936412233076408e+04
-7.000046049036356271e+04 -1.174546428434687841e+05 4.745418235310522141e+04
-6.966626900364099129e+04 -1.174546428434687696e+05 4.778837383982777828e+04
-6.933076971680083079e+04 -1.174546428434687696e+05 4.812387312666793878e+04
-6.899454122637138062e+04 -1.174546428434687696e+05 4.846010161709738895e+04
-6.865649648904916830e+04 -1.174546428434687696e+05 4.879814635441960127e+04
-6.831796961031806131e+04 -1.174546428434687987e+05 4.913667323315073736e+04
-6.797808049999939976e+04 -1.174546428434687841e+05 4.947656234346938436e+04
-6.763673824246009463e+04 -1.174546428434687841e+05 4.981790460100868950e+04
-6.729430371056791046e+04 -1.174546428434687841e+05 5.016033913290087366e+04
-6.694983242269304174e+04 -1.174546428434687841e+05 5.050481042077574239e+04
-6.660435399824856722e+04 -1.174546428434687841e+05 5.085028884522021690e+04
-6.625753751351992832e+04 -1.174546428434687987e+05 5.119710532994887035e+04
-6.590924286229602876e+04 -1.174546428434687405e+05 5.154539998117271898e+04
-6.555874091709851928e+04 -1.174546428434687696e+05 5.189590192637025029e+04
-6.520823769632453332e+04 -1.174546428434687696e+05 5.224640514714423625e+04
-6.485616567680662411e+04 -1.174546428434687987e+05 5.259847716666217457e+04
-6.450337097171731875e+04 -1.174546428434687841e+05 5.295127187175146537e+04
-6.414963811090096715e+04 -1.174546428434687696e+05 5.330500473256780242e+04
-6.379574304947217752e+04 -1.174546428434687841e+05 5.365889979399660660e+04
-6.344054076817074383e+04 -1.174546428434687987e+05 5.401410207529805484e+04
-6.308457642543046677e+04 -1.174546428434687696e+05 5.437006641803830280e+04
-6.272854772228401998e+04 -1.174546428434687696e+05 5.472609512118474959e+04
-6.237114733755936322e+04 -1.174546428434687696e+05 5.508349550590940635e+04
-6.201385658084159513e+04 -1.174546428434687841e+05 5.544078626262718899e+04
-6.165594132829101727e+04 -1.174546428434687696e+05 5.579870151517775230e+04
-6.129590833416817622e+04 -1.174546428434687841e+05 5.615873450930060790e+04
-6.093469534607740206e+04 -1.174546428434687550e+05 5.651994749739135295e+04
-6.057151314732211176e+04 -1.174546428434687696e+05 5.688312969614665781e+04
-6.020570553028961876e+04 -1.174546428434687841e+05 5.724893731317916536e+04
-5.983889336223939608e+04 -1.174546428434687696e+05 5.761574948122937349e+04
-5.946928626179555431e+04 -1.174546428434687987e+05 5.798535658167324436e+04
-5.909896322164392041e+04 -1.174546428434687987e+05 5.835567962182487827e+04
-5.872743436362691864e+04 -1.174546428434687987e+05 5.872720847984188003e+04
-5.835410713554424001e+04 -1.174546428434687696e+05 5.910053570792452956e+04
-5.797892612716787698e+04 -1.174546428434687696e+05 5.947571671630089259e+04
-5.760341231075239193e+04 -1.174546428434687841e+05 5.985123053271639219e+04
-5.722529397941981733e+04 -1.174546428434687550e+05 6.022934886404893768e+04
-5.684746657684228558e+04 -1.174546428434687550e+05 6.060717626662646944e+04
-5.646822783879823692e+04 -1.174546428434687841e+05 6.098641500467054721e+04
-5.608735524459685257e+04 -1.174546428434687841e+05 6.136728759887193155e+04
-5.570623873082966020e+04 -1.174546428434687696e+05 6.174840411263910937e+04
-5.532327107668493409e+04 -1.174546428434687696e+05 6.213137176678383548e+04
-5.493868851219303178e+04 -1.174546428434687696e+05 6.251595433127573779e+04
-5.455395077234704513e+04 -1.174546428434687841e+05 6.290069207112173899e+04
-5.416658723278782418e+04 -1.174546428434687841e+05 6.328805561068095994e+04
-5.377658099284795753e+04 -1.174546428434687696e+05 6.367806185062081204e+04
-5.338585037442947942e+04 -1.174546428434687841e+05 6.406879246903930471e+04
-5.299363467289147229e+04 -1.174546428434687841e+05 6.446100817057731183e+04
-5.259763134891863592e+04 -1.174546428434687696e+05 6.485701149455013365e+04
-5.219969611928849190e+04 -1.174546428434687550e+05 6.525494672418026312e+04
-5.180059100943729572e+04 -1.174546428434687696e+05 6.565405183403147385e+04
-5.139940841275361890e+04 -1.174546428434687841e+05 6.605523443071516522e+04
-5.099765630351971777e+04 -1.174546428434687696e+05 6.645698653994905180e+04
-5.059488652156191529e+04 -1.174546428434687696e+05 6.685975632190685428e+04
-5.019118286781536881e+04 -1.174546428434687841e+05 6.726345997565341531e+04
-4.978660213302752527e+04 -1.174546428434687696e+05 6.766804071044124430e+04
-4.937872835353613482e+04 -1.174546428434687696e+05 6.807591448993263475e+04
-4.897022950620891061e+04 -1.174546428434687696e+05 6.848441333725985896e+04
-4.856060713323726668e+04 -1.174546428434687696e+05 6.889403571023150289e+04
-4.814862104828740121e+04 -1.174546428434687841e+05 6.930602179518138291e+04
-4.773551998608042777e+04 -1.174546428434687696e+05 6.971912285738834180e+04
-4.732090397493820637e+04 -1.174546428434687696e+05 7.013373886853056320e+04
-4.690325364279490896e+04 -1.174546428434687841e+05 7.055138920067387517e+04
-4.648404693957413838e+04 -1.174546428434687696e+05 7.097059590389463119e+04
-4.606339606251052464e+04 -1.174546428434687841e+05 7.139124678095825948e+04
-4.564002126337039226e+04 -1.174546428434687550e+05 7.181462158009836276e+04
-4.521547526390549319e+04 -1.174546428434687841e+05 7.223916757956329093e+04
-4.479037688798616000e+04 -1.174546428434688132e+05 7.266426595548265323e+04
-4.436370891747741553e+04 -1.174546428434687987e+05 7.309093392599138315e+04
-4.393595831420690229e+04 -1.174546428434687987e+05 7.351868452926189639e+04
-4.350762212201277725e+04 -1.174546428434687696e+05 7.394702072145599232e+04
-4.307840717999369372e+04 -1.174546428434687696e+05 7.437623566347507585e+04
-4.264816527076665079e+04 -1.174546428434687550e+05 7.480647757270210423e+04
-4.221684774210095929e+04 -1.174546428434687696e+05 7.523779510136781028e+04
-4.178245856161901611e+04 -1.174546428434687987e+05 7.567218428184978256e+04
-4.134722291467596369e+04 -1.174546428434687696e+05 7.610741992879280588e+04
-4.090931043684975884e+04 -1.174546428434687696e+05 7.654533240661901073e+04
-4.046996295957545226e+04 -1.174546428434687696e+05 7.698467988389331731e+04
-4.002803733046597335e+04 -1.174546428434687987e+05 7.742660551300282532e+04
-3.958295278692909051e+04 -1.174546428434687550e+05 7.787169005653966451e+04
-3.913824659323909145e+04 -1.174546428434687987e+05 7.831639625022970722e+04
-3.869128824751010688e+04 -1.174546428434687987e+05 7.876335459595869179e+04
-3.824201660380246176e+04 -1.174546428434687696e+05 7.921262623966630781e+04
-3.779298261877776531e+04 -1.174546428434687841e+05 7.966166022469101881e+04
-3.734172519630622992e+04 -1.174546428434687696e+05 8.011291764716253965e+04
-3.688969507330082706e+04 -1.174546428434687987e+05 8.056494777016797161e+04
-3.643852135502654710e+04 -1.174546428434687841e+05 8.101612148844223702e+04
-3.598314278191540507e+04 -1.174546428434687987e+05 8.147150006155339361e+04
-3.552645762090713833e+04 -1.174546428434687550e+05 8.192818522256161668e+04
-3.506952862734603696e+04 -1.174546428434687696e+05 8.238511421612273261e+04
-3.461334831540417508e+04 -1.174546428434687841e+05 8.284129452806460904e+04
-3.415544078856403939e+04 -1.174546428434687841e+05 8.329920205490474473e+04
-3.369599185114815191e+04 -1.174546428434687696e+05 8.375865099232061766e+04
-3.323522882688425307e+04 -1.174546428434687841e+05 8.421941401658453105e+04
-3.277274111521008308e+04 -1.174546428434687987e+05 8.468190172825871559e+04
-3.230872648091612791e+04 -1.174546428434687841e+05 8.514591636255265621e+04
-3.184225460288139584e+04 -1.174546428434687841e+05 8.561238824058738828e+04
-3.137360593173601956e+04 -1.174546428434687987e+05 8.608103691173277912e+04
-3.090238278394716326e+04 -1.174546428434687987e+05 8.655226005952163541e+04
-3.042762266484888096e+04 -1.174546428434687696e+05 8.702702017861988861e+04
-2.994974146552776801e+04 -1.174546428434687550e+05 8.750490137794098700e+04
-2.947116436892646016e+04 -1.174546428434687696e+05 8.798347847454230941e+04
-2.899078024257102516e+04 -1.174546428434687841e+05 8.846386260089775897e+04
-2.850693229172471911e+04 -1.174546428434687696e+05 8.894771055174405046e+04
-2.802168315545367659e+04 -1.174546428434687841e+05 8.943295968801510753e+04
-2.753755537922015355e+04 -1.174546428434687841e+05 8.991708746424863057e+04
-2.705032688049932767e+04 -1.174546428434687696e+05 9.040431596296944190e+04
-2.655966279374988517e+04 -1.174546428434687696e+05 9.089498004971888440e+04
-2.606698474188736873e+04 -1.174546428434687841e+05 9.138765810158141539e+04
-2.557272575129526376e+04 -1.174546428434687696e+05 9.188191709217350581e+04
-2.507531272249389440e+04 -1.174546428434687841e+05 9.237933012097488972e+04
-2.457599092424671107e+04 -1.174546428434687696e+05 9.287865191922205850e+04
-2.407429959865205456e+04 -1.174546428434687550e+05 9.338034324481670046e+04
-2.356992092235034215e+04 -1.174546428434687696e+05 9.388472192111842742e+04
-2.306309675285359845e+04 -1.174546428434687696e+05 9.439154609061517112e+04
-2.255437882483565772e+04 -1.174546428434687696e+05 9.490026401863311185e+04
-2.204085614919020736e+04 -1.174546428434687550e+05 9.541378669427854766e+04
-2.152489809833037725e+04 -1.174546428434687696e+05 9.592974474513839232e+04
-2.100434598045065650e+04 -1.174546428434687550e+05 9.645029686301809852e+04
-2.048090512959311309e+04 -1.174546428434687696e+05 9.697373771387565648e+04
-1.995545245035894914e+04 -1.174546428434687841e+05 9.749919039310983499e+04
-1.942788599743969098e+04 -1.174546428434687550e+05 9.802675684602906404e+04
-1.890028277621940651e+04 -1.174546428434687696e+05 9.855436006724936306e+04
-1.837127055917690450e+04 -1.174546428434687696e+05 9.908337228429186507e+04
-1.784101757503820409e+04 -1.174546428434687696e+05 9.961362526843056548e+04
-1.730913064327863685e+04 -1.174546428434687696e+05 1.001455122001901327e+05
-1.677374050777060620e+04 -1.174546428434687987e+05 1.006809023356981925e+05
-1.623643694160706946e+04 -1.174546428434687841e+05 1.012182059018617147e+05
-1.569594262489398534e+04 -1.174546428434687696e+05 1.017587002185747842e+05
-1.515397501787866349e+04 -1.174546428434687550e+05 1.023006678255900915e+05
-1.460907028213575541e+04 -1.174546428434687550e+05 1.028455725613329996e+05
-1.405810507928377774e+04 -1.174546428434687841e+05 1.033965377641850064e+05
-1.350376411249148077e+04 -1.174546428434687841e+05 1.039508787309773033e+05
-1.294627051746859797e+04 -1.174546428434687841e+05 1.045083723260001861e+05
-1.238611270616676484e+04 -1.174546428434687696e+05 1.050685301373020047e+05
-1.182060908066864067e+04 -1.174546428434687696e+05 1.056340337628001289e+05
-1.125404022013644862e+04 -1.174546428434687987e+05 1.062006026233323500e+05
-1.068405587803960952e+04 -1.174546428434687987e+05 1.067705869654291891e+05
-1.011003987094158947e+04 -1.174546428434687841e+05 1.073446029725271947e+05
-9.535224093994824216e+03 -1.174546428434687841e+05 1.079194187494739599e+05
-8.957386034888564609e+03 -1.174546428434687841e+05 1.084972568085802195e+05
-8.375842682495931513e+03 -1.174546428434687696e+05 1.090788001609728381e+05
-7.790860441706812708e+03 -1.174546428434687841e+05 1.096637824017619714e+05
-7.204214078822726151e+03 -1.174546428434687841e+05 1.102504287646460580e+05
-6.615165463661483955e+03 -1.174546428434687696e+05 1.108394773798072856e+05
-6.023653015078001772e+03 -1.174546428434687841e+05 1.114309898283907823e+05
-5.429355317845169338e+03 -1.174546428434687841e+05 1.120252875256236148e+05
-4.830277618806634564e+03 -1.174546428434687841e+05 1.126243652246621496e+05
-4.227283062872738810e+03 -1.174546428434687841e+05 1.132273597805960453e+05
-3.622269880346022546e+03 -1.174546428434687841e+05 1.138323729631227616e+05
-3.013627435487142066e+03 -1.174546428434687841e+05 1.144410154079816421e+05
-2.400451044794725021e+03 -1.174546428434687841e+05 1.150541917986740591e+05
-1.783690923950460274e+03 -1.174546428434687696e+05 1.156709519195183093e+05
-1.165286721178912558e+03 -1.174546428434687696e+05 1.162893561222898570e+05
-5.414229387168743415e+02 -1.174546428434687987e+05 1.169132199047519243e+05
8.659283655490435194e+01 -1.174546428434687696e+05 1.175412356800236739e+05
7.172306038482929580e+02 -1.174546428434687696e+05 1.181718734473170625e+05
1.352834213838403230e+03 -1.174546428434687696e+05 1.188074770573071728e+05
1.991109005650578183e+03 -1.174546428434687696e+05 1.194457518491193478e+05
2.633389324909265270e+03 -1.174546428434687696e+05 1.200880321683780348e+05
3.279256425621773815e+03 -1.174546428434687550e+05 1.207338992690905288e+05
3.931621545379195595e+03 -1.174546428434687841e+05 1.213862643888479797e+05
4.584702766508315108e+03 -1.174546428434687696e+05 1.220393456099770847e+05
5.241330773399080499e+03 -1.174546428434687841e+05 1.226959736168678646e+05
5.902457252850304940e+03 -1.174546428434687841e+05 1.233571000963190891e+05
6.565754498431342654e+03 -1.174546428434687696e+05 1.240203973419001122e+05
7.233891726812042180e+03 -1.174546428434687987e+05 1.246885345702808409e+05
7.902295736687010503e+03 -1.174546428434687987e+05 1.253569385801558092e+05
8.574982591847481672e+03 -1.174546428434687841e+05 1.260296254353162658e+05
9.250613217937381705e+03 -1.174546428434687841e+05 1.267052560614061658e+05
9.928465138349216431e+03 -1.174546428434687987e+05 1.273831079818180151e+05
1.061111237042596622e+04 -1.174546428434687696e+05 1.280657552138947358e+05
1.129471393995407561e+04 -1.174546428434687696e+05 1.287493567834228452e+05
1.198119038347156311e+04 -1.174546428434687841e+05 1.294358332269403472e+05
1.267294887014590495e+04 -1.174546428434687550e+05 1.301275917136146600e+05
1.336813141911677667e+04 -1.174546428434687841e+05 1.308227742625855608e+05
1.406718770254228730e+04 -1.174546428434687841e+05 1.315218305460110714e+05
1.476767809481055883e+04 -1.174546428434687696e+05 1.322223209382793284e+05
1.547042539174057310e+04 -1.174546428434687841e+05 1.329250682352093572e+05
1.617189885683059401e+04 -1.174546428434687696e+05 1.336265417002993636e+05
1.687682791491824901e+04 -1.174546428434687550e+05 1.343314707583870040e+05
1.758166192895581480e+04 -1.174546428434687841e+05 1.350363047724245989e+05
1.828755090458963241e+04 -1.174546428434687405e+05 1.357421937480583729e+05
1.899168159460760944e+04 -1.174546428434687987e+05 1.364463244380764081e+05
1.969846199725040060e+04 -1.174546428434687696e+05 1.371531048407191702e+05
2.040412389684950176e+04 -1.174546428434687696e+05 1.378587667403182713e+05
2.111097827378581860e+04 -1.174546428434687841e+05 1.385656211172546027e+05
2.181966006751176610e+04 -1.174546428434687696e+05 1.392743029109805357e+05
2.253167920653641340e+04 -1.174546428434687841e+05 1.399863220500051975e+05
2.324558555505283584e+04 -1.174546428434687987e+05 1.407002283985216345e+05
2.395886553918239952e+04 -1.174546428434687696e+05 1.414135083826511691e+05
2.467197640267627139e+04 -1.174546428434687696e+05 1.421266192461450410e+05
2.538661442658185842e+04 -1.174546428434687841e+05 1.428412572700506425e+05
2.610244176514208084e+04 -1.174546428434687841e+05 1.435570846086108650e+05
2.682117025074917183e+04 -1.174546428434687696e+05 1.442758130942179414e+05
2.753912248501312570e+04 -1.174546428434687841e+05 1.449937653284819098e+05
2.825918421253505221e+04 -1.174546428434687987e+05 1.457138270560038509e+05
2.897721270458046638e+04 -1.174546428434687696e+05 1.464318555480492359e+05
2.969492294190359826e+04 -1.174546428434687696e+05 1.471495657853723678e+05
3.041255527410715877e+04 -1.174546428434687696e+05 1.478671981175759283e+05
3.113064457427059824e+04 -1.174546428434687696e+05 1.485852874177393678e+05
3.184857904970733216e+04 -1.174546428434687841e+05 1.493032218931761163e+05
3.256453240435439511e+04 -1.174546428434687841e+05 1.500191752478231792e+05
3.328492221168977267e+04 -1.174546428434687696e+05 1.507395650551585422e+05
3.400625887325061194e+04 -1.174546428434687696e+05 1.514609017167193815e+05
3.472809025553216634e+04 -1.174546428434687696e+05 1.521827330990009359e+05
3.545187672751555510e+04 -1.174546428434687696e+05 1.529065195709843247e+05
3.617793859347284888e+04 -1.174546428434687841e+05 1.536325814369416330e+05
3.690582825847400818e+04 -1.174546428434687550e+05 1.543604711019427632e+05
3.763353951535761007e+04 -1.174546428434687841e+05 1.550881823588263942e+05
3.836223073012504028e+04 -1.174546428434687550e+05 1.558168735735937953e+05
3.909112035182760155e+04 -1.174546428434687696e+05 1.565457631952963711e+05
3.981948760926722025e+04 -1.174546428434687696e+05 1.572741304527359898e+05
4.054830018766381545e+04 -1.174546428434687841e+05 1.580029430311325996e+05
4.127099883840003167e+04 -1.174546428434687841e+05 1.587256416818688158e+05
4.199548564124161203e+04 -1.174546428434687987e+05 1.594501284847104107e+05
4.271994693863452994e+04 -1.174546428434687841e+05 1.601745897821033141e+05
