-9.074516371563506254e+03 -9.074556955193334943e+03 4.058362982882558062e-02
-9.074516276250575174e+03 -9.074556955193333124e+03 4.067894275864411546e-02
-9.074515623204044459e+03 -9.074556955193333124e+03 4.133198928895596980e-02
-9.074514412423914109e+03 -9.074556955193333124e+03 4.254276941976116444e-02
-9.074512643910182305e+03 -9.074556955193333124e+03 4.431128315105967164e-02
-9.074510317662850866e+03 -9.074556955193333124e+03 4.663753048285151220e-02
-9.074507433681917973e+03 -9.074556955193333124e+03 4.952151141513666532e-02
-9.074503991967385446e+03 -9.074556955193333124e+03 5.296322594791515181e-02
-9.074499992519251464e+03 -9.074556955193333124e+03 5.696267408118695086e-02
-9.074495435337517847e+03 -9.074556955193333124e+03 6.151985581495209021e-02
-9.074490320422184595e+03 -9.074556955193333124e+03 6.663477114921054212e-02
-9.074484647773249890e+03 -9.074556955193333124e+03 7.230742008396233433e-02
-9.074478417390713730e+03 -9.074556955193333124e+03 7.853780261920745298e-02
-9.074471629274577936e+03 -9.074556955193333124e+03 8.532591875494588418e-02
-9.074464283424842506e+03 -9.074556955193333124e+03 9.267176849117764181e-02
-9.074456379841505623e+03 -9.074556955193333124e+03 1.005753518279027259e-01
-9.074447918524567285e+03 -9.074556955193333124e+03 1.090366687651211364e-01
-9.074438899474031132e+03 -9.074556955193333124e+03 1.180557193028328733e-01
-9.074429322689891706e+03 -9.074556955193333124e+03 1.276325034410379367e-01
-9.074419188172152644e+03 -9.074556955193333124e+03 1.377670211797363264e-01
-9.074408495920813948e+03 -9.074556955193333124e+03 1.484592725189280427e-01
-9.074397245935873798e+03 -9.074556955193333124e+03 1.597092574586130853e-01
-9.074385438217334013e+03 -9.074556955193333124e+03 1.715169759987914544e-01
-9.074373072765192774e+03 -9.074556955193333124e+03 1.838824281394631499e-01
-9.074360149579451900e+03 -9.074556955193333124e+03 1.968056138806281441e-01
-9.074346668660111391e+03 -9.074556955193333124e+03 2.102865332222864647e-01
-9.074332630007169428e+03 -9.074556955193333124e+03 2.243251861644381395e-01
-9.074318033620626011e+03 -9.074556955193333124e+03 2.389215727070831408e-01
-9.074302879500482959e+03 -9.074556955193333124e+03 2.540756928502214684e-01
-9.074287167646738453e+03 -9.074556955193333124e+03 2.697875465938530670e-01
-9.074270898059394312e+03 -9.074556955193333124e+03 2.860571339379779920e-01
-9.074254070738450537e+03 -9.074556955193333124e+03 3.028844548825962990e-01
-9.074236685683905307e+03 -9.074556955193333124e+03 3.202695094277078769e-01
-9.074218742895760442e+03 -9.074556955193333124e+03 3.382122975733128367e-01
-9.074200242374014124e+03 -9.074556955193333124e+03 3.567128193194111230e-01
-9.074182930152688641e+03 -9.074556955193333124e+03 3.740250406439427078e-01
-9.074165145820279577e+03 -9.074556955193333124e+03 3.918093730535591179e-01
-9.074146889376785111e+03 -9.074556955193333124e+03 4.100658165482604089e-01
-9.074128160822205245e+03 -9.074556955193333124e+03 4.287943711280465253e-01
-9.074108960156539979e+03 -9.074556955193333124e+03 4.479950367929175226e-01
-9.074089287379791131e+03 -9.074556955193333124e+03 4.676678135428734007e-01
-9.074069142491955063e+03 -9.074556955193333124e+03 4.878127013779141041e-01
-9.074048525493035413e+03 -9.074556955193333124e+03 5.084297002980397995e-01
-9.074027436383030363e+03 -9.074556955193333124e+03 5.295188103032499871e-01
-9.074005875161939912e+03 -9.074556955193333124e+03 5.510800313935453332e-01
-9.073983841829764060e+03 -9.074556955193333124e+03 5.731133635689253936e-01
-9.073961336386504627e+03 -9.074556955193333124e+03 5.956188068293903903e-01
-9.073938358832157974e+03 -9.074556955193333124e+03 6.185963611749403235e-01
-9.073914909166727739e+03 -9.074556955193333124e+03 6.420460266055749710e-01
-9.073888251563374070e+03 -9.074556955193334943e+03 6.687036299612516554e-01
-9.073868431253447852e+03 -9.074556955193334943e+03 6.885239398869057448e-01
-9.073848288817391222e+03 -9.074556955193334943e+03 7.086663759433258214e-01
-9.073827824255204177e+03 -9.074556955193334943e+03 7.291309381305117743e-01
-9.073807037566886720e+03 -9.074556955193334943e+03 7.499176264484636034e-01
-9.073785928752437030e+03 -9.074556955193334943e+03 7.710264408971811978e-01
-9.073764497811858746e+03 -9.074556955193334943e+03 7.924573814766647795e-01
-9.073742744745148229e+03 -9.074556955193334943e+03 8.142104481869141264e-01
-9.073720669552307299e+03 -9.074556955193334943e+03 8.362856410279293495e-01
-9.073698272233335956e+03 -9.074556955193334943e+03 8.586829599997105600e-01
-9.073675552788232380e+03 -9.074556955193334943e+03 8.814024051022574247e-01
-9.073652511217000210e+03 -9.074556955193334943e+03 9.044439763355702766e-01
-9.073637255199442734e+03 -9.074556955193334943e+03 9.196999938921472939e-01
-9.073621848516289901e+03 -9.074556955193334943e+03 9.351066770444351750e-01
-9.073606291167541713e+03 -9.074556955193334943e+03 9.506640257924341419e-01
-9.073590583153198168e+03 -9.074556955193334943e+03 9.663720401361439727e-01
-9.073574724473259266e+03 -9.074556955193334943e+03 9.822307200755648893e-01
-9.073558715127725009e+03 -9.074556955193334943e+03 9.982400656106966697e-01
-9.073542555116593576e+03 -9.074556955193334943e+03 1.014400076741539536e+00
-9.073526244439866787e+03 -9.074556955193334943e+03 1.030710753468093488e+00
-9.073509783097544641e+03 -9.074556955193334943e+03 1.047172095790358082e+00
-9.073493171089627140e+03 -9.074556955193334943e+03 1.063784103708333761e+00
-9.073481617302057202e+03 -9.074556955193334943e+03 1.075337891277757141e+00
-9.073475890267327486e+03 -9.074556955193334943e+03 1.081064926006627624e+00
-9.073470129836363412e+03 -9.074556955193334943e+03 1.086825356971525380e+00
-9.073464336009163162e+03 -9.074556955193334943e+03 1.092619184172450852e+00
-9.073458508785724916e+03 -9.074556955193334943e+03 1.098446407609403597e+00
-9.073452648166052313e+03 -9.074556955193334943e+03 1.104307027282383835e+00
-9.073446754150143533e+03 -9.074556955193334943e+03 1.110201043191391568e+00
-9.073440826737998577e+03 -9.074556955193334943e+03 1.116128455336426573e+00
-9.073434865929617445e+03 -9.074556955193334943e+03 1.122089263717489516e+00
-9.073428842610121137e+03 -9.074556955193333124e+03 1.128112583211448694e+00
-9.073435088084723247e+03 -9.074556955193333124e+03 1.121867108610052011e+00
-9.073441262557185837e+03 -9.074556955193334943e+03 1.115692636149419936e+00
-9.073447356732014669e+03 -9.074556955193334943e+03 1.109598461321060103e+00
-9.073453370609209742e+03 -9.074556955193334943e+03 1.103584584124972956e+00
-9.073459304188772876e+03 -9.074556955193334943e+03 1.097651004561158494e+00
-9.073465157470705890e+03 -9.074556955193334943e+03 1.091797722629616718e+00
-9.073470930455005146e+03 -9.074556955193334943e+03 1.086024738330347628e+00
-9.073476623141672462e+03 -9.074556955193334943e+03 1.080332051663350779e+00
-9.073482294904883020e+03 -9.074556955193333124e+03 1.074660288450406842e+00
-9.073493510119811617e+03 -9.074556955193333124e+03 1.063445073521392281e+00
-9.073510249736847982e+03 -9.074556955193333124e+03 1.046705456484313679e+00
-9.073526838688290809e+03 -9.074556955193333124e+03 1.030116505042945718e+00
-9.073543276974136461e+03 -9.074556955193333124e+03 1.013678219197288843e+00
-9.073559564594384938e+03 -9.074556955193333124e+03 9.973905989473428324e-01
-9.073575701549039877e+03 -9.074556955193333124e+03 9.812536442931076852e-01
-9.073591687838097641e+03 -9.074556955193333124e+03 9.652673552345838459e-01
-9.073607523461561868e+03 -9.074556955193333124e+03 9.494317317717707594e-01
-9.073623208419428920e+03 -9.074556955193333124e+03 9.337467739046687587e-01
-9.073638742711700615e+03 -9.074556955193333124e+03 9.182124816332776218e-01
-9.073657534173025851e+03 -9.074556955193333124e+03 8.994210203080239552e-01
-9.073680654429861534e+03 -9.074556955193333124e+03 8.763007634722101979e-01
-9.073703452560566802e+03 -9.074556955193333124e+03 8.535026327671622060e-01
-9.073725928565139839e+03 -9.074556955193333124e+03 8.310266281928799792e-01
-9.073748082443584281e+03 -9.074556955193333124e+03 8.088727497493636287e-01
-9.073769914195896490e+03 -9.074556955193333124e+03 7.870409974366131545e-01
-9.073791423822078286e+03 -9.074556955193333124e+03 7.655313712546285565e-01
-9.073812611322129669e+03 -9.074556955193333124e+03 7.443438712034098348e-01
-9.073833476696050639e+03 -9.074556955193333124e+03 7.234784972829568783e-01
-9.073854019943839376e+03 -9.074556955193333124e+03 7.029352494932699091e-01
-9.073874241065499518e+03 -9.074556955193333124e+03 6.827141278343487052e-01
-9.073895318204071373e+03 -9.074556955193336762e+03 6.616369892658837681e-01
-9.073919330956252452e+03 -9.074556955193336762e+03 6.376242370848226315e-01
-9.073942871597348130e+03 -9.074556955193336762e+03 6.140835959888463202e-01
-9.073965940127358408e+03 -9.074556955193336762e+03 5.910150659779549454e-01
-9.073988536546285104e+03 -9.074556955193336762e+03 5.684186470521483958e-01
-9.074010660854124581e+03 -9.074556955193336762e+03 5.462943392114265606e-01
-9.074032313050880475e+03 -9.074556955193336762e+03 5.246421424557896618e-01
-9.074053493136550969e+03 -9.074556955193336762e+03 5.034620567852378104e-01
-9.074074201111137882e+03 -9.074556955193336762e+03 4.827540821997706733e-01
-9.074094436974637574e+03 -9.074556955193336762e+03 4.625182186993883615e-01
-9.074114200727051866e+03 -9.074556955193336762e+03 4.427544662840909862e-01
-9.074133492368382576e+03 -9.074556955193336762e+03 4.234628249538783806e-01
-9.074152311898627886e+03 -9.074556955193336762e+03 4.046432947087507115e-01
-9.074170659317787795e+03 -9.074556955193336762e+03 3.862958755487078122e-01
-9.074188173752427247e+03 -9.074556955193333124e+03 3.687814409056877629e-01
-9.074207275451763053e+03 -9.074556955193333124e+03 3.496797415697089351e-01
-9.074225819417499224e+03 -9.074556955193333124e+03 3.311357758342233781e-01
-9.074243805649633941e+03 -9.074556955193333124e+03 3.131495436992311476e-01
-9.074261234148169024e+03 -9.074556955193333124e+03 2.957210451647322991e-01
-9.074278104913102652e+03 -9.074556955193333124e+03 2.788502802307267769e-01
-9.074294417944436645e+03 -9.074556955193333124e+03 2.625372488972145257e-01
-9.074310173242169185e+03 -9.074556955193333124e+03 2.467819511641955454e-01
-9.074325370806302089e+03 -9.074556955193333124e+03 2.315843870316699471e-01
-9.074340010636833540e+03 -9.074556955193333124e+03 2.169445564996376752e-01
-9.074354092733765356e+03 -9.074556955193333124e+03 2.028624595680987297e-01
-9.074367617097095717e+03 -9.074556955193333124e+03 1.893380962370531106e-01
-9.074380583726826444e+03 -9.074556955193333124e+03 1.763714665065008180e-01
-9.074392992622957536e+03 -9.074556955193333124e+03 1.639625703764418518e-01
-9.074404843785485355e+03 -9.074556955193333124e+03 1.521114078468762121e-01
-9.074416137214415357e+03 -9.074556955193333124e+03 1.408179789178038710e-01
-9.074426872909743906e+03 -9.074556955193333124e+03 1.300822835892249119e-01
-9.074437050871472820e+03 -9.074556955193333124e+03 1.199043218611392236e-01
-9.074446671099600280e+03 -9.074556955193333124e+03 1.102840937335468896e-01
-9.074455733594126286e+03 -9.074556955193333124e+03 1.012215992064478820e-01
-9.074464238355052657e+03 -9.074556955193333124e+03 9.271683827984220083e-02
-9.074472185382379394e+03 -9.074556955193333124e+03 8.476981095372985997e-02
-9.074479574676104676e+03 -9.074556955193333124e+03 7.738051722811084554e-02
-9.074486406236230323e+03 -9.074556955193333124e+03 7.054895710298514366e-02
-9.074492680062754516e+03 -9.074556955193333124e+03 6.427513057835276822e-02
-9.074498603153821023e+03 -9.074556955193334943e+03 5.835203951477727080e-02
-9.074503950528614951e+03 -9.074556955193334943e+03 5.300466472043915966e-02
-9.074508722187139938e+03 -9.074556955193334943e+03 4.823300619533844869e-02
-9.074512918129395985e+03 -9.074556955193334943e+03 4.403706393947513786e-02
-9.074516538355381272e+03 -9.074556955193334943e+03 4.041683795284921332e-02
-9.074519582865099437e+03 -9.074556955193334943e+03 3.737232823546068894e-02
-9.074522051658546843e+03 -9.074556955193334943e+03 3.490353478730956471e-02
-9.074523944735727127e+03 -9.074556955193334943e+03 3.301045760839583371e-02
-9.074525262096636652e+03 -9.074556955193334943e+03 3.169309669871950286e-02
-9.074526003741277236e+03 -9.074556955193334943e+03 3.095145205828057217e-02
-9.074526169669647061e+03 -9.074556955193334943e+03 3.078552368707903122e-02
-9.074525759881749764e+03 -9.074556955193334943e+03 3.119531158511489044e-02
-9.074524774377581707e+03 -9.074556955193334943e+03 3.218081575238814634e-02
-9.074523213157146529e+03 -9.074556955193334943e+03 3.374203618889880241e-02
-9.074521076220440591e+03 -9.074556955193334943e+03 3.587897289464685169e-02
-9.074518363567465713e+03 -9.074556955193334943e+03 3.859162586963230113e-02
-9.074515075198221894e+03 -9.074556955193334943e+03 4.187999511385513685e-02
-9.074511211112707315e+03 -9.074556955193334943e+03 4.574408062731537966e-02
-9.074506771310925615e+03 -9.074556955193334943e+03 5.018388241001302263e-02
-9.074501755792873155e+03 -9.074556955193334943e+03 5.519940046194805189e-02
-9.074496164558551754e+03 -9.074556955193334943e+03 6.079063478312048824e-02
-9.074489997607961413e+03 -9.074556955193334943e+03 6.695758537353030393e-02
-9.074483816888927322e+03 -9.074556955193331305e+03 7.313830440397155186e-02
-9.074477086714920006e+03 -9.074556955193336762e+03 7.986847841711751383e-02
-9.074469845431356589e+03 -9.074556955193333124e+03 8.710976197631975504e-02
-9.074462721003133993e+03 -9.074556955193333124e+03 9.423419019866940971e-02
-9.074455038841311762e+03 -9.074556955193333124e+03 1.019163520215123908e-01
-9.074446798945888077e+03 -9.074556955193333124e+03 1.101562474448486983e-01
-9.074438001316864757e+03 -9.074556955193333124e+03 1.189538764686783046e-01
-9.074428645954239983e+03 -9.074556955193333124e+03 1.283092390930012650e-01
-9.074418732858015574e+03 -9.074556955193333124e+03 1.382223353178175240e-01
-9.074408262028189711e+03 -9.074556955193333124e+03 1.486931651431271373e-01
-9.074397233464764213e+03 -9.074556955193333124e+03 1.597217285689300770e-01
-9.074385647167737261e+03 -9.074556955193333124e+03 1.713080255952262876e-01
-9.074373503137110674e+03 -9.074556955193333124e+03 1.834520562220158801e-01
-9.074360801372884453e+03 -9.074556955193333124e+03 1.961538204492987991e-01
-9.074347541875056777e+03 -9.074556955193333124e+03 2.094133182770750168e-01
-9.074333724643627647e+03 -9.074556955193333124e+03 2.232305497053445609e-01
-9.074319349678598883e+03 -9.074556955193333124e+03 2.376055147341074592e-01
-9.074304416979970483e+03 -9.074556955193333124e+03 2.525382133633636283e-01
-9.074288926547740630e+03 -9.074556955193333124e+03 2.680286455931131240e-01
-9.074272878381909322e+03 -9.074556955193333124e+03 2.840768114233559460e-01
-9.074256272482478380e+03 -9.074556955193333124e+03 3.006827108540921500e-01
-9.074239108849447803e+03 -9.074556955193333124e+03 3.178463438853216805e-01
-9.074221387482815771e+03 -9.074556955193333124e+03 3.355677105170444818e-01
-9.074203108382584105e+03 -9.074556955193333124e+03 3.538468107492606096e-01
-9.074184271548750985e+03 -9.074556955193333124e+03 3.726836445819701193e-01
-9.074164876981318230e+03 -9.074556955193333124e+03 3.920782120151729000e-01
-9.074145642776129534e+03 -9.074556955193334943e+03 4.113124172061806139e-01
-9.074127021625248744e+03 -9.074556955193333124e+03 4.299335680847988228e-01
-9.074107928363284373e+03 -9.074556955193333124e+03 4.490268300485019681e-01
-9.074088362990236419e+03 -9.074556955193333124e+03 4.685922030972899943e-01
-9.074068325506101246e+03 -9.074556955193333124e+03 4.886296872311628459e-01
-9.074047815910882491e+03 -9.074556955193333124e+03 5.091392824501206338e-01
-9.074026834204578336e+03 -9.074556955193333124e+03 5.301209887541629140e-01
-9.074005380387190598e+03 -9.074556955193333124e+03 5.515748061432904636e-01
-9.073983454458715642e+03 -9.074556955193333124e+03 5.735007346175027276e-01
-9.073961056419157103e+03 -9.074556955193333124e+03 5.958987741767998170e-01
-9.073938186268511345e+03 -9.074556955193333124e+03 6.187689248211818427e-01
-9.073914844006782005e+03 -9.074556955193333124e+03 6.421111865506485827e-01
-9.073891029633967264e+03 -9.074556955193333124e+03 6.659255593652003702e-01
-9.073866743150068942e+03 -9.074556955193333124e+03 6.902120432648368720e-01
-9.073844028774594335e+03 -9.074556955193333124e+03 7.129264187385500051e-01
-9.073823607683960290e+03 -9.074556955193334943e+03 7.333475093743151429e-01
-9.073802864467194013e+03 -9.074556955193334943e+03 7.540907261408461570e-01
-9.073781799124297322e+03 -9.074556955193334943e+03 7.751560690381430474e-01
-9.073760411655268399e+03 -9.074556955193334943e+03 7.965435380662058140e-01
-9.073738702060109063e+03 -9.074556955193334943e+03 8.182531332250344569e-01
-9.073716670338821132e+03 -9.074556955193334943e+03 8.402848545146289760e-01
-9.073694316491399150e+03 -9.074556955193334943e+03 8.626387019349892604e-01
-9.073671640517848573e+03 -9.074556955193334943e+03 8.853146754861155321e-01
-9.073648642418167583e+03 -9.074556955193334943e+03 9.083127751680075690e-01
-9.073625322192354361e+03 -9.074556955193334943e+03 9.316330009806654822e-01
-9.073605465866541635e+03 -9.074556955193333124e+03 9.514893267913778763e-01
-9.073589861200734958e+03 -9.074556955193334943e+03 9.670939926000536868e-01
-9.073574105869331106e+03 -9.074556955193334943e+03 9.828493240044405832e-01
-9.073558199872330079e+03 -9.074556955193334943e+03 9.987553210045383434e-01
-9.073542143209733695e+03 -9.074556955193334943e+03 1.014811983600347078e+00
-9.073525935881543774e+03 -9.074556955193334943e+03 1.031019311791866677e+00
-9.073509577887756677e+03 -9.074556955193334943e+03 1.047377305579097584e+00
-9.073493069228372406e+03 -9.074556955193334943e+03 1.063885964962039132e+00
-9.073476409903394597e+03 -9.074556955193334943e+03 1.080545289940691767e+00
-9.073459599912819613e+03 -9.074556955193334943e+03 1.097355280515055487e+00
-9.073448053791160419e+03 -9.074556955193333124e+03 1.108901402171877937e+00
-9.073442299035148608e+03 -9.074556955193334943e+03 1.114656158185822754e+00
-9.073436510882898801e+03 -9.074556955193334943e+03 1.120444310435795066e+00
-9.073430689334412818e+03 -9.074556955193334943e+03 1.126265858921795093e+00
-9.073424834389690659e+03 -9.074556955193334943e+03 1.132120803643822171e+00
-9.073418946048732323e+03 -9.074556955193334943e+03 1.138009144601876965e+00
-9.073413024311539630e+03 -9.074556955193334943e+03 1.143930881795959031e+00
-9.073407069178108941e+03 -9.074556955193334943e+03 1.149886015226068814e+00
-9.073401080648442075e+03 -9.074556955193334943e+03 1.155874544892205869e+00
-9.073394996731249194e+03 -9.074556955193333124e+03 1.161958462083248156e+00
-9.073395197952209855e+03 -9.074556955193333124e+03 1.161757241123895668e+00
-9.073401578389713904e+03 -9.074556955193333124e+03 1.155376803619752035e+00
-9.073407925430981777e+03 -9.074556955193333124e+03 1.149029762351635675e+00
-9.073414239076013473e+03 -9.074556955193333124e+03 1.142716117319547031e+00
-9.073420519324808993e+03 -9.074556955193333124e+03 1.136435868523485659e+00
-9.073426766177370155e+03 -9.074556955193333124e+03 1.130189015963451782e+00
-9.073432979633693321e+03 -9.074556955193333124e+03 1.123975559639445176e+00
-9.073439159693782130e+03 -9.074556955193333124e+03 1.117795499551466287e+00
-9.073445127248027347e+03 -9.074556955193334943e+03 1.111827945307411802e+00
-9.073457075052941946e+03 -9.074556955193334943e+03 1.099880140393728611e+00
-9.073474290360814848e+03 -9.074556955193333124e+03 1.082664832517783449e+00
-9.073491355003096032e+03 -9.074556955193333124e+03 1.065600190237549594e+00
-9.073508268979780041e+03 -9.074556955193333124e+03 1.048686213553026603e+00
-9.073525032290868694e+03 -9.074556955193333124e+03 1.031922902464214475e+00
-9.073541644936361990e+03 -9.074556955193333124e+03 1.015310256971113212e+00
-9.073558106916259931e+03 -9.074556955193333124e+03 9.988482770737231453e-01
-9.073574418230560696e+03 -9.074556955193333124e+03 9.825369627720439425e-01
-9.073590578879267923e+03 -9.074556955193333124e+03 9.663763140660757145e-01
-9.073605923736493423e+03 -9.074556955193334943e+03 9.510314568407920444e-01
-9.073625302464119159e+03 -9.074556955193333124e+03 9.316527292138625516e-01
-9.073649040288717515e+03 -9.074556955193333124e+03 9.079149046156398395e-01
-9.073672455987185458e+03 -9.074556955193333124e+03 8.844992061481832257e-01
-9.073695549559521169e+03 -9.074556955193333124e+03 8.614056338114923772e-01
-9.073718321005728285e+03 -9.074556955193333124e+03 8.386341876055674049e-01
-9.073740770325803169e+03 -9.074556955193333124e+03 8.161848675304081979e-01
-9.073762897519747639e+03 -9.074556955193333124e+03 7.940576735860149782e-01
-9.073784702587559877e+03 -9.074556955193333124e+03 7.722526057723875237e-01
-9.073806185529243521e+03 -9.074556955193333124e+03 7.507696640895258344e-01
-9.073827346344794933e+03 -9.074556955193333124e+03 7.296088485374301325e-01
-9.073850830409875925e+03 -9.074556955193333124e+03 7.061247834565492765e-01
-9.073873910953740051e+03 -9.074556955193333124e+03 6.830442395929263721e-01
-9.073898547666423838e+03 -9.074556955193336762e+03 6.584075269131121066e-01
-9.073922712268018586e+03 -9.074556955193336762e+03 6.342429253183827775e-01
-9.073946404758527933e+03 -9.074556955193336762e+03 6.105504348087380517e-01
-9.073969625137951880e+03 -9.074556955193336762e+03 5.873300553841784843e-01
-9.073992373406292245e+03 -9.074556955193336762e+03 5.645817870447036313e-01
-9.074014649563547209e+03 -9.074556955193336762e+03 5.423056297903134926e-01
-9.074036453609714954e+03 -9.074556955193336762e+03 5.205015836210085123e-01
-9.074057785544799117e+03 -9.074556955193336762e+03 4.991696485367881353e-01
-9.074078645368799698e+03 -9.074556955193336762e+03 4.783098245376528057e-01
-9.074099033081713060e+03 -9.074556955193336762e+03 4.579221116236021905e-01
-9.074118948683542840e+03 -9.074556955193336762e+03 4.380065097946365116e-01
-9.074139509833705233e+03 -9.074556955193333124e+03 4.174453596274547706e-01
-9.074159547041708720e+03 -9.074556955193333124e+03 3.974081516249492463e-01
-9.074179060307546024e+03 -9.074556955193333124e+03 3.778948857871197720e-01
-9.074198713033769309e+03 -9.074556955193333124e+03 3.582421595633108469e-01
-9.074217808026392959e+03 -9.074556955193333124e+03 3.391471669399953037e-01
-9.074236345285415155e+03 -9.074556955193333124e+03 3.206099079171730315e-01
-9.074254324810837716e+03 -9.074556955193333124e+03 3.026303824948440857e-01
-9.074271746602660642e+03 -9.074556955193333124e+03 2.852085906730084663e-01
-9.074288610660882114e+03 -9.074556955193333124e+03 2.683445324516662289e-01
-9.074304916985502132e+03 -9.074556955193333124e+03 2.520382078308172624e-01
-9.074320665576522515e+03 -9.074556955193333124e+03 2.362896168104615946e-01
-9.074335856433943263e+03 -9.074556955193333124e+03 2.210987593905992810e-01
-9.074350489557762558e+03 -9.074556955193333124e+03 2.064656355712302660e-01
-9.074364564947980398e+03 -9.074556955193333124e+03 1.923902453523546052e-01
-9.074378082604598603e+03 -9.074556955193333124e+03 1.788725887339722709e-01
-9.074391042527617174e+03 -9.074556955193333124e+03 1.659126657160832630e-01
-9.074403444717034290e+03 -9.074556955193333124e+03 1.535104762986875260e-01
-9.074415289172851772e+03 -9.074556955193333124e+03 1.416660204817851709e-01
-9.074426575895067799e+03 -9.074556955193333124e+03 1.303792982653761146e-01
-9.074437304883684192e+03 -9.074556955193333124e+03 1.196503096494604124e-01
-9.074447675880168390e+03 -9.074556955193333124e+03 1.092793131641842386e-01
-9.074457472597710876e+03 -9.074556955193333124e+03 9.948259562149087964e-02
-9.074466695036311648e+03 -9.074556955193333124e+03 9.026015702138030783e-02
-9.074475343195968890e+03 -9.074556955193333124e+03 8.161199736385253700e-02
-9.074483417076684418e+03 -9.074556955193333124e+03 7.353811664890758104e-02
-9.074490916678456415e+03 -9.074556955193333124e+03 6.603851487654542607e-02
-9.074497842001286699e+03 -9.074556955193333124e+03 5.911319204676605821e-02
-9.074504193045173452e+03 -9.074556955193333124e+03 5.276214815956950521e-02
-9.074509506623164270e+03 -9.074556955193334943e+03 4.744857017021069517e-02
-9.074514807705809289e+03 -9.074556955193334943e+03 4.214748752565536383e-02
-9.074519533072185368e+03 -9.074556955193334943e+03 3.742212115033743958e-02
-9.074523682722290687e+03 -9.074556955193334943e+03 3.327247104425689467e-02
-9.074527256656127065e+03 -9.074556955193334943e+03 2.969853720741375686e-02
-9.074530254873694503e+03 -9.074556955193334943e+03 2.670031963980801226e-02
-9.074532677374993000e+03 -9.074556955193334943e+03 2.427781834143966783e-02
-9.074534524160022556e+03 -9.074556955193334943e+03 2.243103331230871661e-02
-9.074535795228783172e+03 -9.074556955193334943e+03 2.115996455241516555e-02
-9.074536490581273029e+03 -9.074556955193334943e+03 2.046461206175901465e-02
-9.074536610217493944e+03 -9.074556955193334943e+03 2.034497584034025350e-02
-9.074536154137445919e+03 -9.074556955193334943e+03 2.080105588815889250e-02
-9.074535122341128954e+03 -9.074556955193334943e+03 2.183285220521492820e-02
-9.074533514828543048e+03 -9.074556955193334943e+03 2.344036479150836058e-02
-9.074531331599688201e+03 -9.074556955193334943e+03 2.562359364703919312e-02
-9.074528572654562595e+03 -9.074556955193334943e+03 2.838253877180741541e-02
-9.074525237993169867e+03 -9.074556955193334943e+03 3.171720016581303786e-02
-9.074521327615506380e+03 -9.074556955193334943e+03 3.562757782905606047e-02
-9.074516841521573951e+03 -9.074556955193334943e+03 4.011367176153647629e-02
-9.074511779711372583e+03 -9.074556955193334943e+03 4.517548196325429227e-02
-9.074506142184900455e+03 -9.074556955193334943e+03 5.081300843420950147e-02
-9.074499928942161205e+03 -9.074556955193334943e+03 5.702625117440211083e-02
-9.074493105672891033e+03 -9.074556955193333124e+03 6.384952044219717460e-02
-9.074485708124680968e+03 -9.074556955193333124e+03 7.124706865257504629e-02
-9.074477736297527372e+03 -9.074556955193333124e+03 7.921889580553573285e-02
-9.074469190191432062e+03 -9.074556955193333124e+03 8.776500190107922039e-02
-9.074460069806393221e+03 -9.074556955193333124e+03 9.688538693920549505e-02
-9.074450375142412668e+03 -9.074556955193333124e+03 1.065800509199145846e-01
-9.074440106199490401e+03 -9.074556955193333124e+03 1.168489938432064751e-01
-9.074429262977624603e+03 -9.074556955193333124e+03 1.276922157090811805e-01
-9.074417845476815273e+03 -9.074556955193333124e+03 1.391097165175386730e-01
-9.074405601039556132e+03 -9.074556955193331305e+03 1.513541537747828403e-01
-9.074393303872577235e+03 -9.074556955193333124e+03 1.636513207565328254e-01
-9.074381558585104358e+03 -9.074556955193333124e+03 1.753966082295380091e-01
-9.074369255564030027e+03 -9.074556955193333124e+03 1.876996293030365470e-01
-9.074356394809356061e+03 -9.074556955193333124e+03 2.005603839770284114e-01
-9.074342976321082460e+03 -9.074556955193333124e+03 2.139788722515135744e-01
-9.074329000099207406e+03 -9.074556955193333124e+03 2.279550941264920638e-01
-9.074314466143730897e+03 -9.074556955193333124e+03 2.424890496019639075e-01
-9.074299374454654753e+03 -9.074556955193333124e+03 2.575807386779290775e-01
-9.074283725031978975e+03 -9.074556955193333124e+03 2.732301613543874907e-01
-9.074267517875701742e+03 -9.074556955193333124e+03 2.894373176313393414e-01
-9.074250752985824874e+03 -9.074556955193333124e+03 3.062022075087844630e-01
-9.074233430362346553e+03 -9.074556955193333124e+03 3.235248309867229111e-01
-9.074215550005268597e+03 -9.074556955193333124e+03 3.414051880651546855e-01
-9.074197111914589186e+03 -9.074556955193333124e+03 3.598432787440797309e-01
-9.074178116090310141e+03 -9.074556955193333124e+03 3.788391030234982138e-01
-9.074157106942928294e+03 -9.074556955193334943e+03 3.998482504062460530e-01
-9.074137680930805800e+03 -9.074556955193334943e+03 4.192742625298789827e-01
-9.074117730976517123e+03 -9.074556955193334943e+03 4.392242168181879070e-01
-9.074097257080064082e+03 -9.074556955193334943e+03 4.596981132711729923e-01
-9.074076259241446678e+03 -9.074556955193334943e+03 4.806959518888341276e-01
-9.074055965143887079e+03 -9.074556955193333124e+03 5.009900494468624288e-01
-9.074035198935243898e+03 -9.074556955193333124e+03 5.217562580899757219e-01
-9.074013960615515316e+03 -9.074556955193333124e+03 5.429945778181736182e-01
-9.073992250184701334e+03 -9.074556955193333124e+03 5.647050086314565620e-01
-9.073970067642803770e+03 -9.074556955193333124e+03 5.868875505298243311e-01
-9.073947412989818986e+03 -9.074556955193333124e+03 6.095422035132769256e-01
-9.073924286225750620e+03 -9.074556955193333124e+03 6.326689675818144565e-01
-9.073900687350596854e+03 -9.074556955193333124e+03 6.562678427354367017e-01
-9.073876616364359506e+03 -9.074556955193333124e+03 6.803388289741438832e-01
-9.073850635623439302e+03 -9.074556955193333124e+03 7.063195698929314315e-01
-9.073827661496959990e+03 -9.074556955193333124e+03 7.292936963739778955e-01
-9.073804283849260173e+03 -9.074556955193333124e+03 7.526713440722823112e-01
-9.073780502680345307e+03 -9.074556955193333124e+03 7.764525129878450116e-01
-9.073759131331897152e+03 -9.074556955193334943e+03 7.978238614370780635e-01
-9.073737437857318582e+03 -9.074556955193334943e+03 8.195173360170771026e-01
-9.073715422256607781e+03 -9.074556955193334943e+03 8.415329367278419070e-01
-9.073693084529764747e+03 -9.074556955193334943e+03 8.638706635693728098e-01
-9.073670424676793118e+03 -9.074556955193334943e+03 8.865305165416693667e-01
-9.073647442697691076e+03 -9.074556955193334943e+03 9.095124956447319109e-01
-9.073624138592456802e+03 -9.074556955193334943e+03 9.328166008785602203e-01
-9.073599523957971542e+03 -9.074556955193333124e+03 9.574312353609208959e-01
-9.073579400349855860e+03 -9.074556955193333124e+03 9.775548434774135043e-01
-9.073559041985774456e+03 -9.074556955193333124e+03 9.979132075590526618e-01
-9.073538448865727332e+03 -9.074556955193333124e+03 1.018506327605838369e+00
-9.073522262008780672e+03 -9.074556955193334943e+03 1.034693184554523304e+00
-9.073505924486236836e+03 -9.074556955193334943e+03 1.051030707098919104e+00
-9.073489436298095825e+03 -9.074556955193334943e+03 1.067518895239025989e+00
-9.073472797444359458e+03 -9.074556955193334943e+03 1.084157748974843738e+00
-9.073456007925027734e+03 -9.074556955193334943e+03 1.100947268306372795e+00
-9.073439067740100654e+03 -9.074556955193334943e+03 1.117887453233612494e+00
-9.073427440700910665e+03 -9.074556955193333124e+03 1.129514492422325045e+00
-9.073415733364090556e+03 -9.074556955193333124e+03 1.141221829243310282e+00
-9.073403945729636689e+03 -9.074556955193333124e+03 1.153009463696567760e+00
-9.073392000104839099e+03 -9.074556955193334943e+03 1.164955088495439384e+00
-9.073386069469799622e+03 -9.074556955193334943e+03 1.170885723535646461e+00
-9.073380105438523969e+03 -9.074556955193334943e+03 1.176849754811881255e+00
-9.073374108011010321e+03 -9.074556955193334943e+03 1.182847182324143320e+00
-9.073368077187262315e+03 -9.074556955193334943e+03 1.188878006072432658e+00
-9.073362012967278133e+03 -9.074556955193334943e+03 1.194942226056749712e+00
-9.073355833728764992e+03 -9.074556955193333124e+03 1.201121464568041697e+00
-9.073356041633511268e+03 -9.074556955193333124e+03 1.200913559821772836e+00
-9.073356232618471040e+03 -9.074556955193333124e+03 1.200722574861448066e+00
-9.073356406683646128e+03 -9.074556955193333124e+03 1.200548509687068055e+00
-9.073362883869891448e+03 -9.074556955193333124e+03 1.194071323441215471e+00
-9.073369327659902410e+03 -9.074556955193333124e+03 1.187627533431390603e+00
-9.073375738053675377e+03 -9.074556955193333124e+03 1.181217139657592785e+00
-9.073382115051213987e+03 -9.074556955193333124e+03 1.174840142119822461e+00
-9.073388458652514601e+03 -9.074556955193333124e+03 1.168496540818079854e+00
-9.073394550751956558e+03 -9.074556955193334943e+03 1.162404441377744568e+00
-9.073406792735215276e+03 -9.074556955193334943e+03 1.150162458120143061e+00
-9.073418954420840237e+03 -9.074556955193334943e+03 1.138000772494814239e+00
-9.073431035808833258e+03 -9.074556955193334943e+03 1.125919384501758103e+00
-9.073448447874630801e+03 -9.074556955193333124e+03 1.108507318703230826e+00
-9.073465709274832989e+03 -9.074556955193333124e+03 1.091245918500414858e+00
-9.073482820009439820e+03 -9.074556955193333124e+03 1.074135183893309531e+00
-9.073499780078451295e+03 -9.074556955193333124e+03 1.057175114881915512e+00
-9.073516589481867413e+03 -9.074556955193333124e+03 1.040365711466232357e+00
-9.073533248219686357e+03 -9.074556955193333124e+03 1.023706973646260066e+00
-9.073554323524407664e+03 -9.074556955193334943e+03 1.002631668926881492e+00
-9.073575164073161432e+03 -9.074556955193334943e+03 9.817911201726492454e-01
-9.073595769865951297e+03 -9.074556955193334943e+03 9.611853273835635481e-01
-9.073616140902775442e+03 -9.074556955193334943e+03 9.408142905596243999e-01
-9.073639990458465036e+03 -9.074556955193333124e+03 9.169647348674683229e-01
-9.073663517888027854e+03 -9.074556955193333124e+03 8.934373053060783443e-01
-9.073686723191458441e+03 -9.074556955193333124e+03 8.702320018754540198e-01
-9.073709606368756795e+03 -9.074556955193333124e+03 8.473488245755957937e-01
-9.073732167419926554e+03 -9.074556955193333124e+03 8.247877734065032218e-01
-9.073754406344964082e+03 -9.074556955193333124e+03 8.025488483681766372e-01
-9.073779097943763190e+03 -9.074556955193333124e+03 7.778572495696800537e-01
-9.073803386021345432e+03 -9.074556955193333124e+03 7.535691719884418660e-01
-9.073827270577708987e+03 -9.074556955193333124e+03 7.296846156244618520e-01
-9.073850751612855674e+03 -9.074556955193333124e+03 7.062035804777397896e-01
-9.073873829126785495e+03 -9.074556955193333124e+03 6.831260665482761230e-01
-9.073895182133426715e+03 -9.074556955193336762e+03 6.617730599099105326e-01
-9.073919405772936443e+03 -9.074556955193336762e+03 6.375494204006713073e-01
-9.073943157301360770e+03 -9.074556955193336762e+03 6.137978919765167962e-01
-9.073966436718699697e+03 -9.074556955193336762e+03 5.905184746374469995e-01
-9.073989244024953223e+03 -9.074556955193336762e+03 5.677111683834623612e-01
-9.074011579220121348e+03 -9.074556955193336762e+03 5.453759732145624373e-01
-9.074033442304205892e+03 -9.074556955193336762e+03 5.235128891307474497e-01
-9.074053340172582466e+03 -9.074556955193333124e+03 5.036150207501902676e-01
-9.074075489081691558e+03 -9.074556955193333124e+03 4.814661116421361520e-01
-9.074097114048634467e+03 -9.074556955193333124e+03 4.598411446987581974e-01
-9.074118215073413012e+03 -9.074556955193333124e+03 4.387401199200563484e-01
-9.074138792156027193e+03 -9.074556955193333124e+03 4.181630373060305494e-01
-9.074158845296477011e+03 -9.074556955193333124e+03 3.981098968566808560e-01
-9.074178374494760646e+03 -9.074556955193333124e+03 3.785806985720072682e-01
-9.074197379750881737e+03 -9.074556955193333124e+03 3.595754424520097303e-01
-9.074216508321220317e+03 -9.074556955193333124e+03 3.404468721125066821e-01
-9.074235079157959262e+03 -9.074556955193333124e+03 3.218760353734969604e-01
-9.074253092261098573e+03 -9.074556955193333124e+03 3.038629322349805650e-01
-9.074270547630636429e+03 -9.074556955193333124e+03 2.864075626969574406e-01
-9.074287445266572831e+03 -9.074556955193333124e+03 2.695099267594277537e-01
-9.074303785168911418e+03 -9.074556955193333124e+03 2.531700244223912821e-01
-9.074319567337646731e+03 -9.074556955193333124e+03 2.373878556858481925e-01
-9.074334791772784229e+03 -9.074556955193333124e+03 2.221634205497984016e-01
-9.074349458474318453e+03 -9.074556955193333124e+03 2.074967190142419093e-01
-9.074363824946085515e+03 -9.074556955193333124e+03 1.931302472468874043e-01
-9.074377617138910864e+03 -9.074556955193333124e+03 1.793380544221157002e-01
-9.074390835052792681e+03 -9.074556955193333124e+03 1.661201405399268249e-01
-9.074403478687732786e+03 -9.074556955193333124e+03 1.534765056003207229e-01
-9.074415548043729359e+03 -9.074556955193333124e+03 1.414071496032974218e-01
-9.074427043120784219e+03 -9.074556955193333124e+03 1.299120725488569494e-01
-9.074437963918895548e+03 -9.074556955193333124e+03 1.189912744369992503e-01
-9.074448310438065164e+03 -9.074556955193333124e+03 1.086447552677243522e-01
-9.074458082678291248e+03 -9.074556955193333124e+03 9.887251504103228283e-02
-9.074467280639575620e+03 -9.074556955193333124e+03 8.967455375692301445e-02
-9.074475904321918279e+03 -9.074556955193333124e+03 8.105087141539653317e-02
-9.074483953725317406e+03 -9.074556955193333124e+03 7.300146801645288064e-02
-9.074491428849773001e+03 -9.074556955193333124e+03 6.552634356009201522e-02
-9.074498329695286884e+03 -9.074556955193333124e+03 5.862549804631393691e-02
-9.074504656261857235e+03 -9.074556955193333124e+03 5.229893147511868734e-02
-9.074510408549485874e+03 -9.074556955193333124e+03 4.654664384650623182e-02
-9.074515586558172799e+03 -9.074556955193333124e+03 4.136863516047658423e-02
-9.074520190287916193e+03 -9.074556955193333124e+03 3.676490541702973069e-02
-9.074524219738716056e+03 -9.074556955193333124e+03 3.273545461616569202e-02
-9.074527674910576025e+03 -9.074556955193333124e+03 2.928028275788445087e-02
-9.074530602439179347e+03 -9.074556955193334943e+03 2.635275415618720807e-02
-9.074532954251511910e+03 -9.074556955193334943e+03 2.400094182372736543e-02
-9.074534730347573714e+03 -9.074556955193334943e+03 2.222484576050491600e-02
-9.074535930727368395e+03 -9.074556955193334943e+03 2.102446596651986674e-02
-9.074536555390892318e+03 -9.074556955193334943e+03 2.039980244177221416e-02
-9.074536604338149118e+03 -9.074556955193334943e+03 2.035085518626195827e-02
-9.074536077569135159e+03 -9.074556955193334943e+03 2.087762419998909907e-02
-9.074534975083852260e+03 -9.074556955193334943e+03 2.198010948295363656e-02
-9.074533296882300419e+03 -9.074556955193334943e+03 2.365831103515557421e-02
-9.074531042964477820e+03 -9.074556955193334943e+03 2.591222885659490160e-02
-9.074528213330388098e+03 -9.074556955193334943e+03 2.874186294727163610e-02
-9.074524462655896059e+03 -9.074556955193333124e+03 3.249253743789672078e-02
-9.074520395166890012e+03 -9.074556955193333124e+03 3.656002644362465331e-02
-9.074515753398940433e+03 -9.074556955193333124e+03 4.120179439193538684e-02
-9.074511036336376492e+03 -9.074556955193331305e+03 4.591885695494052344e-02
-9.074505745389446020e+03 -9.074556955193331305e+03 5.120980388440879438e-02
-9.074499880558150835e+03 -9.074556955193331305e+03 5.707463518034020661e-02
-9.074493441842489119e+03 -9.074556955193331305e+03 6.351335084273475318e-02
-9.074486429242459053e+03 -9.074556955193331305e+03 7.052595087159244103e-02
-9.074478842758064275e+03 -9.074556955193331305e+03 7.811243526691326322e-02
-9.074470519882366716e+03 -9.074556955193336762e+03 8.643531097010420661e-02
-9.074462346805699781e+03 -9.074556955193336762e+03 9.460838763775704374e-02
-9.074453599450089314e+03 -9.074556955193336762e+03 1.033557432479926819e-01
-9.074444277815535315e+03 -9.074556955193336762e+03 1.126773778008111349e-01
-9.074434381902041423e+03 -9.074556955193336762e+03 1.225732912962123888e-01
-9.074423911709602180e+03 -9.074556955193336762e+03 1.330434837341964438e-01
-9.074412867238221224e+03 -9.074556955193336762e+03 1.440879551147632998e-01
-9.074401248487898556e+03 -9.074556955193336762e+03 1.557067054379129845e-01
-9.074389055458632356e+03 -9.074556955193336762e+03 1.678997347036454424e-01
-9.074376288150424443e+03 -9.074556955193336762e+03 1.806670429119607291e-01
-9.074362946563272999e+03 -9.074556955193336762e+03 1.940086300628587890e-01
-9.074349030697179842e+03 -9.074556955193336762e+03 2.079244961563396776e-01
-9.074334540552144972e+03 -9.074556955193336762e+03 2.224146411924033395e-01
-9.074319476128166571e+03 -9.074556955193336762e+03 2.374790651710498302e-01
-9.074303837425244637e+03 -9.074556955193336762e+03 2.531177680922791495e-01
-9.074287930399787001e+03 -9.074556955193333124e+03 2.690247935462086737e-01
-9.074271465640733368e+03 -9.074556955193333124e+03 2.854895526006315798e-01
-9.074254443148078281e+03 -9.074556955193333124e+03 3.025120452555478678e-01
-9.074236862921821739e+03 -9.074556955193333124e+03 3.200922715109574268e-01
-9.074218724961965563e+03 -9.074556955193333124e+03 3.382302313668603677e-01
-9.074198601297854111e+03 -9.074556955193334943e+03 3.583538954809157295e-01
-9.074179993479072436e+03 -9.074556955193334943e+03 3.769617142621589645e-01
-9.074160861718126398e+03 -9.074556955193334943e+03 3.960934752080783605e-01
-9.074141206015015996e+03 -9.074556955193334943e+03 4.157491783186738066e-01
-9.074121026369741230e+03 -9.074556955193334943e+03 4.359288235939453027e-01
-9.074100322782300282e+03 -9.074556955193334943e+03 4.566324110338928488e-01
-9.074079095252696789e+03 -9.074556955193334943e+03 4.778599406385165560e-01
-9.074057343780927113e+03 -9.074556955193334943e+03 4.996114124078162577e-01
-9.074035068366993073e+03 -9.074556955193334943e+03 5.218868263417921760e-01
-9.074012269010894670e+03 -9.074556955193334943e+03 5.446861824404440888e-01
-9.073988945712631903e+03 -9.074556955193334943e+03 5.680094807037721072e-01
-9.073963607828989552e+03 -9.074556955193333124e+03 5.933473643443232248e-01
-9.073940561457953663e+03 -9.074556955193333124e+03 6.163937353788301321e-01
-9.073917042975834192e+03 -9.074556955193333124e+03 6.399122174984219757e-01
-9.073891612363833701e+03 -9.074556955193333124e+03 6.653428294996294179e-01
-9.073869130058137671e+03 -9.074556955193333124e+03 6.878251351956931048e-01
-9.073846244231224773e+03 -9.074556955193333124e+03 7.107109621090150764e-01
-9.073822954883093189e+03 -9.074556955193333124e+03 7.340003102395951107e-01
-9.073799262013746556e+03 -9.074556955193333124e+03 7.576931795874333186e-01
-9.073775165623181238e+03 -9.074556955193333124e+03 7.817895701525299224e-01
-9.073750665711399051e+03 -9.074556955193333124e+03 8.062894819348844777e-01
-9.073725762278398179e+03 -9.074556955193333124e+03 8.311929149344974288e-01
-9.073700455324182258e+03 -9.074556955193333124e+03 8.564998691513683315e-01
-9.073674744848747650e+03 -9.074556955193333124e+03 8.822103445854976300e-01
-9.073651626945174939e+03 -9.074556955193334943e+03 9.053282481595514852e-01
-9.073628186915469996e+03 -9.074556955193334943e+03 9.287682778643715498e-01
-9.073608205152584560e+03 -9.074556955193333124e+03 9.487500407478295372e-01
-9.073587988633737041e+03 -9.074556955193333124e+03 9.689665595964342959e-01
-9.073567537358923801e+03 -9.074556955193333124e+03 9.894178344101853817e-01
-9.073546851328144839e+03 -9.074556955193333124e+03 1.010103865189083239e+00
-9.073525930541400157e+03 -9.074556955193333124e+03 1.031024651933127423e+00
-9.073504774998691573e+03 -9.074556955193333124e+03 1.052180194642318378e+00
-9.073483384700017268e+03 -9.074556955193333124e+03 1.073570493316655661e+00
-9.073461759645377242e+03 -9.074556955193333124e+03 1.095195547956139714e+00
-9.073444712456621346e+03 -9.074556955193334943e+03 1.112242736713927815e+00
-9.073427048473720788e+03 -9.074556955193333124e+03 1.129906719613197552e+00
-9.073415191185378717e+03 -9.074556955193333124e+03 1.141764007953807836e+00
-9.073403253599406526e+03 -9.074556955193333124e+03 1.153701593926690805e+00
-9.073391235715800576e+03 -9.074556955193333124e+03 1.165719477531846460e+00
-9.073379137534564506e+03 -9.074556955193333124e+03 1.177817658769274800e+00
-9.073366959055694679e+03 -9.074556955193333124e+03 1.189996137638975604e+00
-9.073354700279192912e+03 -9.074556955193333124e+03 1.202254914140948650e+00
-9.073342361205057387e+03 -9.074556955193333124e+03 1.214593988275194825e+00
-9.073329908711191820e+03 -9.074556955193334943e+03 1.227046482143166806e+00
-9.073323452665999866e+03 -9.074556955193333124e+03 1.233502527332829946e+00
-9.073323522324175428e+03 -9.074556955193333124e+03 1.233432869157873757e+00
-9.073323575062564487e+03 -9.074556955193333124e+03 1.233380130768861882e+00
-9.073323610881167042e+03 -9.074556955193333124e+03 1.233344312165794765e+00
-9.073323629779984913e+03 -9.074556955193333124e+03 1.233325413348671962e+00
-9.073323631759016280e+03 -9.074556955193333124e+03 1.233323434317493472e+00
-9.073323616818261144e+03 -9.074556955193333124e+03 1.233338375072259741e+00
-9.073323584957719504e+03 -9.074556955193333124e+03 1.233370235612970323e+00
-9.073323628038719107e+03 -9.074556955193333124e+03 1.233327154613361731e+00
-9.073329716752841705e+03 -9.074556955193334943e+03 1.227238440493115590e+00
-9.073342158585090147e+03 -9.074556955193334943e+03 1.214796608245412246e+00
-9.073354520119704830e+03 -9.074556955193334943e+03 1.202435073629981588e+00
-9.073366801356687574e+03 -9.074556955193334943e+03 1.190153836646823393e+00
-9.073379002296038379e+03 -9.074556955193334943e+03 1.177952897295937884e+00
-9.073391122937757245e+03 -9.074556955193334943e+03 1.165832255577325061e+00
-9.073403163281844172e+03 -9.074556955193334943e+03 1.153791911490984701e+00
-9.073415123328297341e+03 -9.074556955193334943e+03 1.141831865036917026e+00
-9.073427003077120389e+03 -9.074556955193334943e+03 1.129952116215121816e+00
-9.073443449954080279e+03 -9.074556955193334943e+03 1.113505239253861800e+00
-9.073465295692209111e+03 -9.074556955193334943e+03 1.091659501126319931e+00
-9.073486906674370402e+03 -9.074556955193334943e+03 1.070048518963925055e+00
-9.073508282900567792e+03 -9.074556955193334943e+03 1.048672292766676284e+00
-9.073529424370799461e+03 -9.074556955193334943e+03 1.027530822534574284e+00
-9.073550331085067228e+03 -9.074556955193334943e+03 1.006624108267618611e+00
-9.073571003043369274e+03 -9.074556955193334943e+03 9.859521499658095989e-01
-9.073591440245705598e+03 -9.074556955193334943e+03 9.655149476291471355e-01
-9.073611642692078021e+03 -9.074556955193334943e+03 9.453125012576311104e-01
-9.073631610382482904e+03 -9.074556955193334943e+03 9.253448108512616344e-01
-9.073658013712003594e+03 -9.074556955193333124e+03 8.989414813303366891e-01
-9.073684013520305598e+03 -9.074556955193333124e+03 8.729416730266701396e-01
-9.073709609807392553e+03 -9.074556955193333124e+03 8.473453859402615418e-01
-9.073734802573262641e+03 -9.074556955193333124e+03 8.221526200711113397e-01
-9.073759591817914043e+03 -9.074556955193333124e+03 7.973633754192193113e-01
-9.073783977541348577e+03 -9.074556955193333124e+03 7.729776519845852345e-01
-9.073807959743566244e+03 -9.074556955193333124e+03 7.489954497672096645e-01
-9.073831538424565224e+03 -9.074556955193333124e+03 7.254167687670920461e-01
-9.073854713584349156e+03 -9.074556955193333124e+03 7.022416089842327125e-01
-9.073877485222914402e+03 -9.074556955193333124e+03 6.794699704186315525e-01
-9.073899853340262780e+03 -9.074556955193333124e+03 6.571018530702885663e-01
-9.073923743297367764e+03 -9.074556955193333124e+03 6.332118959661732216e-01
-9.073948509750653102e+03 -9.074556955193333124e+03 6.084454426800147697e-01
-9.073972752261774076e+03 -9.074556955193333124e+03 5.842029315585322014e-01
-9.073996470830730686e+03 -9.074556955193333124e+03 5.604843626017257385e-01
-9.074019665457522933e+03 -9.074556955193333124e+03 5.372897358095954923e-01
-9.074042336142150816e+03 -9.074556955193333124e+03 5.146190511821413516e-01
-9.074064482884614335e+03 -9.074556955193333124e+03 4.924723087193631499e-01
-9.074086105684911672e+03 -9.074556955193333124e+03 4.708495084212611648e-01
-9.074107204543044645e+03 -9.074556955193333124e+03 4.497506502878351742e-01
-9.074127779459013254e+03 -9.074556955193333124e+03 4.291757343190852891e-01
-9.074147830432817500e+03 -9.074556955193333124e+03 4.091247605150115096e-01
-9.074167357464457382e+03 -9.074556955193333124e+03 3.895977288756138357e-01
-9.074186360553932900e+03 -9.074556955193333124e+03 3.705946394008921563e-01
-9.074204839701242236e+03 -9.074556955193333124e+03 3.521154920908466379e-01
-9.074223439932251495e+03 -9.074556955193331305e+03 3.335152610800747874e-01
-9.074241482429661119e+03 -9.074556955193331305e+03 3.154727636697963189e-01
-9.074257650267189092e+03 -9.074556955193333124e+03 2.993049261435697384e-01
-9.074274932796946814e+03 -9.074556955193333124e+03 2.820223963867963812e-01
-9.074291641047761004e+03 -9.074556955193333124e+03 2.653141455726058529e-01
-9.074307775019631663e+03 -9.074556955193333124e+03 2.491801737009981255e-01
-9.074323334712560609e+03 -9.074556955193333124e+03 2.336204807719731436e-01
-9.074338320126547842e+03 -9.074556955193333124e+03 2.186350667855309626e-01
-9.074352731261591543e+03 -9.074556955193333124e+03 2.042239317416716105e-01
-9.074366568117693532e+03 -9.074556955193333124e+03 1.903870756403950315e-01
-9.074379830694851989e+03 -9.074556955193333124e+03 1.771244984817013091e-01
-9.074392518993066915e+03 -9.074556955193333124e+03 1.644362002655903321e-01
-9.074404633012341947e+03 -9.074556955193333124e+03 1.523221809920621839e-01
-9.074416172752671628e+03 -9.074556955193333124e+03 1.407824406611168366e-01
-9.074427138214059596e+03 -9.074556955193333124e+03 1.298169792727542904e-01
-9.074437529396505852e+03 -9.074556955193333124e+03 1.194257968269745451e-01
-9.074447346300008576e+03 -9.074556955193333124e+03 1.096088933237776009e-01
-9.074456588924569587e+03 -9.074556955193333124e+03 1.003662687631634715e-01
-9.074465257270188886e+03 -9.074556955193333124e+03 9.169792314513214304e-02
-9.074473351336862834e+03 -9.074556955193333124e+03 8.360385646968362949e-02
-9.074480871124596888e+03 -9.074556955193333124e+03 7.608406873681788918e-02
-9.074487816633387411e+03 -9.074556955193333124e+03 6.913855994653497761e-02
-9.074494735819231209e+03 -9.074556955193331305e+03 6.221937410068124202e-02
-9.074501081120710296e+03 -9.074556955193331305e+03 5.587407262129062691e-02
-9.074506852537822851e+03 -9.074556955193331305e+03 5.010265550836316695e-02
-9.074511564459402507e+03 -9.074556955193333124e+03 4.539073393069013862e-02
-9.074516244881902821e+03 -9.074556955193333124e+03 4.071031143066077690e-02
-9.074520349316253487e+03 -9.074556955193333124e+03 3.660587707909108979e-02
-9.074523877762456323e+03 -9.074556955193333124e+03 3.307743087598108422e-02
-9.074526830220511329e+03 -9.074556955193333124e+03 3.012497282133075674e-02
-9.074529664062676602e+03 -9.074556955193331305e+03 2.729113065538827515e-02
-9.074531922188572935e+03 -9.074556955193331305e+03 2.503300475868317290e-02
-9.074533604598200327e+03 -9.074556955193331305e+03 2.335059513121546734e-02
-9.074534711291558779e+03 -9.074556955193331305e+03 2.224390177298515153e-02
-9.074535242268646471e+03 -9.074556955193331305e+03 2.171292468399222200e-02
-9.074535197529467041e+03 -9.074556955193331305e+03 2.175766386423668569e-02
-9.074534577074016852e+03 -9.074556955193331305e+03 2.237811931371853913e-02
-9.074533380902299541e+03 -9.074556955193331305e+03 2.357429103243778579e-02
-9.074531609014311471e+03 -9.074556955193331305e+03 2.534617902039441872e-02
-9.074529261410054460e+03 -9.074556955193331305e+03 2.769378327758844488e-02
-9.074526338089526689e+03 -9.074556955193331305e+03 3.061710380401985732e-02
-9.074522839052731797e+03 -9.074556955193331305e+03 3.411614059968866297e-02
-9.074518764299666145e+03 -9.074556955193331305e+03 3.819089366459485491e-02
-9.074514113830333372e+03 -9.074556955193331305e+03 4.284136299873844700e-02
-9.074508887644729839e+03 -9.074556955193331305e+03 4.806754860211941843e-02
-9.074503085742857365e+03 -9.074556955193331305e+03 5.386945047473777615e-02
-9.074496708124714132e+03 -9.074556955193331305e+03 6.024706861659353402e-02
-9.074489808419453766e+03 -9.074556955193336762e+03 6.714677388244226497e-02
-9.074482334435246230e+03 -9.074556955193336762e+03 7.462075809087378997e-02
-9.074474286172095162e+03 -9.074556955193336762e+03 8.266902124188812984e-02
-9.074465663630000563e+03 -9.074556955193336762e+03 9.129156333548527069e-02
-9.074456466808964251e+03 -9.074556955193336762e+03 1.004883843716652125e-01
-9.074446695708986226e+03 -9.074556955193336762e+03 1.102594843504279554e-01
-9.074436350330064670e+03 -9.074556955193336762e+03 1.206048632717735131e-01
-9.074425430672201401e+03 -9.074556955193336762e+03 1.315245211357018718e-01
-9.074413936735394600e+03 -9.074556955193336762e+03 1.430184579422130176e-01
-9.074401868519646086e+03 -9.074556955193336762e+03 1.550866736913069921e-01
-9.074389226024954041e+03 -9.074556955193336762e+03 1.677291683829837399e-01
-9.074376009251320284e+03 -9.074556955193336762e+03 1.809459420172433164e-01
-9.074362218198742994e+03 -9.074556955193336762e+03 1.947369945940856661e-01
-9.074347852867223992e+03 -9.074556955193336762e+03 2.091023261135108724e-01
-9.074332913256761458e+03 -9.074556955193336762e+03 2.240419365755188241e-01
-9.074317399367357211e+03 -9.074556955193336762e+03 2.395558259801096601e-01
-9.074301311199009433e+03 -9.074556955193336762e+03 2.556439943272832416e-01
-9.074284648751719942e+03 -9.074556955193336762e+03 2.723064416170396518e-01
-9.074267721194342812e+03 -9.074556955193331305e+03 2.892339989886016371e-01
-9.074250235903371504e+03 -9.074556955193331305e+03 3.067192899606568379e-01
-9.074232192878798742e+03 -9.074556955193331305e+03 3.247623145332053651e-01
-9.074213592120624526e+03 -9.074556955193331305e+03 3.433630727062472743e-01
-9.074194433628850675e+03 -9.074556955193331305e+03 3.625215644797825099e-01
-9.074174717403477189e+03 -9.074556955193331305e+03 3.822377898538110719e-01
-9.074154443444502249e+03 -9.074556955193331305e+03 4.025117488283329048e-01
-9.074132171047351221e+03 -9.074556955193334943e+03 4.247841459845727030e-01
-9.074111479144201439e+03 -9.074556955193334943e+03 4.454760491342347750e-01
-9.074090263298885475e+03 -9.074556955193334943e+03 4.666918944485728415e-01
-9.074068523511406966e+03 -9.074556955193334943e+03 4.884316819275870136e-01
-9.074046259781764093e+03 -9.074556955193334943e+03 5.106954115712772913e-01
-9.074023472109955037e+03 -9.074556955193334943e+03 5.334830833796436744e-01
-9.074000160495981618e+03 -9.074556955193334943e+03 5.567946973526860521e-01
-9.073976324939843835e+03 -9.074556955193334943e+03 5.806302534904045354e-01
-9.073953304769711394e+03 -9.074556955193334943e+03 6.036504236243303012e-01
-9.073929812488491734e+03 -9.074556955193334943e+03 6.271427048433408924e-01
-9.073905848096186674e+03 -9.074556955193334943e+03 6.511070971474361979e-01
-9.073881411592798031e+03 -9.074556955193334943e+03 6.755436005366166619e-01
-9.073856502978323988e+03 -9.074556955193334943e+03 7.004522150108817291e-01
-9.073831122252764544e+03 -9.074556955193334943e+03 7.258329405702317327e-01
-9.073803882426105702e+03 -9.074556955193333124e+03 7.530727672275472351e-01
-9.073779658603307325e+03 -9.074556955193333124e+03 7.772965900254689142e-01
-9.073755031259292082e+03 -9.074556955193333124e+03 8.019239340406487671e-01
-9.073730000394059971e+03 -9.074556955193333124e+03 8.269547992730867936e-01
-9.073704566007610993e+03 -9.074556955193333124e+03 8.523891857227829938e-01
-9.073677385195440365e+03 -9.074556955193333124e+03 8.795699978925068940e-01
-9.073654112386700945e+03 -9.074556955193333124e+03 9.028428066316043221e-01
-9.073630517451831111e+03 -9.074556955193333124e+03 9.264377415014679595e-01
-9.073606600390830863e+03 -9.074556955193333124e+03 9.503548025020973622e-01
-9.073582361203700202e+03 -9.074556955193333124e+03 9.745939896334926411e-01
-9.073557799890437309e+03 -9.074556955193333124e+03 9.991553028956537963e-01
-9.073532033778397818e+03 -9.074556955193333124e+03 1.024921414935493713e+00
-9.073510780564365632e+03 -9.074556955193333124e+03 1.046174628967035947e+00
-9.073489292594369545e+03 -9.074556955193333124e+03 1.067662598963724729e+00
-9.073467569868407736e+03 -9.074556955193333124e+03 1.089385324925560283e+00
-9.073444841002734393e+03 -9.074556955193333124e+03 1.112114190598955332e+00
-9.073427487691653369e+03 -9.074556955193333124e+03 1.129467501679096042e+00
-9.073409983714978807e+03 -9.074556955193333124e+03 1.146971478354947616e+00
-9.073392329072707071e+03 -9.074556955193333124e+03 1.164626120626510275e+00
-9.073374523764839978e+03 -9.074556955193333124e+03 1.182431428493783798e+00
-9.073356567791375710e+03 -9.074556955193333124e+03 1.200387401956768407e+00
-9.073344119939789380e+03 -9.074556955193333124e+03 1.212835253543188996e+00
-9.073331591790571110e+03 -9.074556955193333124e+03 1.225363402761882048e+00
-9.073318983343720902e+03 -9.074556955193333124e+03 1.237971849612847786e+00
-9.073306015107396888e+03 -9.074556955193333124e+03 1.250940085935360546e+00
-9.073299479939592857e+03 -9.074556955193333124e+03 1.257475253739521959e+00
-9.073292911375552649e+03 -9.074556955193333124e+03 1.264043817779711087e+00
-9.073286309415278083e+03 -9.074556955193333124e+03 1.270645778055927710e+00
-9.073279674058765522e+03 -9.074556955193333124e+03 1.277281134568171161e+00
-9.073273005306016785e+03 -9.074556955193333124e+03 1.283949887316442773e+00
-9.073272855549474116e+03 -9.074556955193333124e+03 1.284099643858383377e+00
-9.073272688873146762e+03 -9.074556955193333124e+03 1.284266320186268295e+00
-9.073272505277032906e+03 -9.074556955193333124e+03 1.284449916300097971e+00
-9.073272131497589726e+03 -9.074556955193334943e+03 1.284823695746061700e+00
-9.073278452390406528e+03 -9.074556955193334943e+03 1.278502802927845128e+00
-9.073284739886988973e+03 -9.074556955193334943e+03 1.272215306345656050e+00
-9.073290993987335241e+03 -9.074556955193334943e+03 1.265961205999494021e+00
-9.073297214691445333e+03 -9.074556955193334943e+03 1.259740501889359710e+00
-9.073303401999319249e+03 -9.074556955193334943e+03 1.253553194015253114e+00
-9.073315750591713368e+03 -9.074556955193334943e+03 1.241204601622379222e+00
-9.073328018886473728e+03 -9.074556955193334943e+03 1.228936306861778016e+00
-9.073340206883602150e+03 -9.074556955193334943e+03 1.216748309733449496e+00
-9.073357942754069882e+03 -9.074556955193333124e+03 1.199012439262394203e+00
-9.073375527958945895e+03 -9.074556955193333124e+03 1.181427234387049774e+00
-9.073392962498226552e+03 -9.074556955193333124e+03 1.163992695107416431e+00
-9.073410246371910034e+03 -9.074556955193333124e+03 1.146708821423493729e+00
-9.073427379579998160e+03 -9.074556955193333124e+03 1.129575613335282114e+00
-9.073444362122490929e+03 -9.074556955193333124e+03 1.112593070842781584e+00
-9.073460680767926533e+03 -9.074556955193334943e+03 1.096274425408587883e+00
-9.073482096668118174e+03 -9.074556955193334943e+03 1.074858525216997318e+00
-9.073503277812344095e+03 -9.074556955193334943e+03 1.053677380990552859e+00
-9.073528159948873508e+03 -9.074556955193334943e+03 1.028795244462135550e+00
-9.073552719959270689e+03 -9.074556955193334943e+03 1.004235234064483562e+00
-9.073576957843537457e+03 -9.074556955193334943e+03 9.799973497975975611e-01
-9.073600873601673811e+03 -9.074556955193334943e+03 9.560815916614775478e-01
-9.073624467233677933e+03 -9.074556955193334943e+03 9.324879596561232997e-01
-9.073647738739553461e+03 -9.074556955193334943e+03 9.092164537815349279e-01
-9.073670688119296756e+03 -9.074556955193334943e+03 8.862670740377124323e-01
-9.073693315372909638e+03 -9.074556955193334943e+03 8.636398204246558130e-01
-9.073718503930847874e+03 -9.074556955193333124e+03 8.384512624844048245e-01
-9.073743288967571061e+03 -9.074556955193333124e+03 8.136662257614120097e-01
-9.073769817461658022e+03 -9.074556955193333124e+03 7.871377316749268438e-01
-9.073795873844659582e+03 -9.074556955193333124e+03 7.610813486735266142e-01
-9.073821458116575741e+03 -9.074556955193333124e+03 7.354970767572112100e-01
-9.073846570277406499e+03 -9.074556955193333124e+03 7.103849159259807422e-01
-9.073871210327153676e+03 -9.074556955193333124e+03 6.857448661798350997e-01
-9.073895378265813633e+03 -9.074556955193333124e+03 6.615769275187743936e-01
-9.073919074093390009e+03 -9.074556955193333124e+03 6.378810999427984019e-01
-9.073942297809880984e+03 -9.074556955193333124e+03 6.146573834519073465e-01
-9.073965049415286558e+03 -9.074556955193333124e+03 5.919057780461012275e-01
-9.073987328909608550e+03 -9.074556955193333124e+03 5.696262837253798228e-01
-9.074007750227174256e+03 -9.074556955193333124e+03 5.492049661585797216e-01
-9.074030375197296962e+03 -9.074556955193333124e+03 5.265799960358843457e-01
-9.074050761049922585e+03 -9.074556955193331305e+03 5.061941434086530966e-01
-9.074073153087145329e+03 -9.074556955193331305e+03 4.838021061862475269e-01
-9.074094987390766619e+03 -9.074556955193331305e+03 4.619678025643353392e-01
-9.074116263960788274e+03 -9.074556955193331305e+03 4.406912325429164223e-01
-9.074136982797208475e+03 -9.074556955193331305e+03 4.199723961219908319e-01
-9.074157143900029041e+03 -9.074556955193331305e+03 3.998112933015586234e-01
-9.074176747269249972e+03 -9.074556955193331305e+03 3.802079240816196859e-01
-9.074195792904869450e+03 -9.074556955193331305e+03 3.611622884621741303e-01
-9.074214280806887473e+03 -9.074556955193331305e+03 3.426743864432219011e-01
-9.074232210975305861e+03 -9.074556955193331305e+03 3.247442180247629984e-01
-9.074249583410124615e+03 -9.074556955193331305e+03 3.073717832067974221e-01
-9.074266398111341914e+03 -9.074556955193331305e+03 2.905570819893251722e-01
-9.074282655078959579e+03 -9.074556955193331305e+03 2.743001143723463042e-01
-9.074298354312975789e+03 -9.074556955193331305e+03 2.586008803558607072e-01
-9.074313495813390546e+03 -9.074556955193331305e+03 2.434593799398684644e-01
-9.074328079580207486e+03 -9.074556955193331305e+03 2.288756131243695757e-01
-9.074342385885034673e+03 -9.074556955193333124e+03 2.145693082988588407e-01
-9.074356197362954845e+03 -9.074556955193333124e+03 2.007578303787349028e-01
-9.074369433124606076e+03 -9.074556955193333124e+03 1.875220687278483789e-01
-9.074382665940691368e+03 -9.074556955193333124e+03 1.742892526417084142e-01
-9.074395322768628830e+03 -9.074556955193333124e+03 1.616324247040280548e-01
-9.074407403608418463e+03 -9.074556955193333124e+03 1.495515849148074394e-01
-9.074418908460058447e+03 -9.074556955193333124e+03 1.380467332740464848e-01
-9.074429837323550601e+03 -9.074556955193333124e+03 1.271178697817451630e-01
-9.074440190198894925e+03 -9.074556955193333124e+03 1.167649944379035715e-01
-9.074449967086091419e+03 -9.074556955193333124e+03 1.069881072425216406e-01
-9.074459167985138265e+03 -9.074556955193333124e+03 9.778720819559939825e-02
-9.074467792896035462e+03 -9.074556955193333124e+03 8.916229729713681662e-02
-9.074476320399766337e+03 -9.074556955193331305e+03 8.063479356431266232e-02
-9.074484272187230090e+03 -9.074556955193331305e+03 7.268300610072589429e-02
-9.074491648258424902e+03 -9.074556955193331305e+03 6.530693490637651255e-02
-9.074498448613350774e+03 -9.074556955193331305e+03 5.850657998126453097e-02
-9.074504673252005887e+03 -9.074556955193331305e+03 5.228194132538992872e-02
-9.074510322174392059e+03 -9.074556955193331305e+03 4.663301893875272663e-02
-9.074515395380509290e+03 -9.074556955193331305e+03 4.155981282135290389e-02
-9.074519892870357580e+03 -9.074556955193331305e+03 3.706232297319048130e-02
-9.074523814643936930e+03 -9.074556955193331305e+03 3.314054939426543805e-02
-9.074527160701247340e+03 -9.074556955193331305e+03 2.979449208457778803e-02
-9.074529931042286989e+03 -9.074556955193331305e+03 2.702415104412752775e-02
-9.074532125667057699e+03 -9.074556955193331305e+03 2.482952627291466069e-02
-9.074533744575559467e+03 -9.074556955193331305e+03 2.321061777093917991e-02
-9.074534787767792295e+03 -9.074556955193331305e+03 2.216742553820109235e-02
-9.074535255243756183e+03 -9.074556955193331305e+03 2.169994957470039107e-02
-9.074535147003451129e+03 -9.074556955193331305e+03 2.180818988043708301e-02
-9.074534463046875317e+03 -9.074556955193331305e+03 2.249214645541116817e-02
-9.074533203374032382e+03 -9.074556955193331305e+03 2.375181929962263960e-02
-9.074531367984918688e+03 -9.074556955193331305e+03 2.558720841307150079e-02
-9.074528956879536054e+03 -9.074556955193331305e+03 2.799831379575775520e-02
-9.074525970057884479e+03 -9.074556955193331305e+03 3.098513544768140282e-02
-9.074522407519962144e+03 -9.074556955193331305e+03 3.454767336884244366e-02
-9.074518269265772688e+03 -9.074556955193331305e+03 3.868592755924085691e-02
-9.074513555295312472e+03 -9.074556955193331305e+03 4.339989801887668419e-02
-9.074508265608583315e+03 -9.074556955193331305e+03 4.868958474774988388e-02
-9.074502400205585218e+03 -9.074556955193331305e+03 5.455498774586047678e-02
-9.074495959086318180e+03 -9.074556955193331305e+03 6.099610701320845596e-02
-9.074488942250782202e+03 -9.074556955193331305e+03 6.801294254979382836e-02
-9.074481349698975464e+03 -9.074556955193331305e+03 7.560549435561658704e-02
-9.074473181430899785e+03 -9.074556955193331305e+03 8.377376243067674588e-02
-9.074464437446556985e+03 -9.074556955193331305e+03 9.251774677497429100e-02
-9.074455117745943426e+03 -9.074556955193331305e+03 1.018374473885092224e-01
-9.074445222329060925e+03 -9.074556955193331305e+03 1.117328642712815540e-01
-9.074434751195907666e+03 -9.074556955193331305e+03 1.222039974232912718e-01
-9.074423704346487284e+03 -9.074556955193331305e+03 1.332508468445383620e-01
-9.074412081780796143e+03 -9.074556955193331305e+03 1.448734125350228941e-01
-9.074399883498836061e+03 -9.074556955193331305e+03 1.570716944947447569e-01
-9.074387109500607039e+03 -9.074556955193331305e+03 1.698456927237040337e-01
-9.074373759786109076e+03 -9.074556955193331305e+03 1.831954072219006968e-01
-9.074359896903675690e+03 -9.074556955193333124e+03 1.970582896575968634e-01
-9.074345459742296953e+03 -9.074556955193333124e+03 2.114954510358757478e-01
-9.074330448301976503e+03 -9.074556955193333124e+03 2.265068913567374609e-01
-9.074314862582712522e+03 -9.074556955193333124e+03 2.420926106201820027e-01
-9.074297476987190748e+03 -9.074556955193331305e+03 2.594782061411110008e-01
-9.074281000964152554e+03 -9.074556955193331305e+03 2.759542291786497570e-01
-9.074263967207514725e+03 -9.074556955193331305e+03 2.929879858166818396e-01
-9.074246375717275441e+03 -9.074556955193331305e+03 3.105794760552071931e-01
-9.074228226493436523e+03 -9.074556955193331305e+03 3.287286998942258731e-01
-9.074209519535997970e+03 -9.074556955193331305e+03 3.474356573337379350e-01
-9.074190254844957963e+03 -9.074556955193331305e+03 3.667003483737432679e-01
-9.074170432420316502e+03 -9.074556955193331305e+03 3.865227730142419826e-01
-9.074150052262075405e+03 -9.074556955193331305e+03 4.069029312552340238e-01
-9.074129114370234674e+03 -9.074556955193331305e+03 4.278408230967193360e-01
-9.074107618744792489e+03 -9.074556955193331305e+03 4.493364485386980300e-01
-9.074085565385750670e+03 -9.074556955193331305e+03 4.713898075811700505e-01
-9.074062954293107396e+03 -9.074556955193331305e+03 4.940009002241353420e-01
-9.074040576996249001e+03 -9.074556955193334943e+03 5.163781970863411397e-01
-9.074017675757222605e+03 -9.074556955193334943e+03 5.392794361132229319e-01
-9.073994250576030026e+03 -9.074556955193334943e+03 5.627046173047807187e-01
-9.073970301452673084e+03 -9.074556955193334943e+03 5.866537406610148331e-01
-9.073947174672814072e+03 -9.074556955193334943e+03 6.097805205215873769e-01
-9.073923575781867839e+03 -9.074556955193334943e+03 6.333794114672450792e-01
-9.073899504779836207e+03 -9.074556955193334943e+03 6.574504134979872738e-01
-9.073874961666720992e+03 -9.074556955193334943e+03 6.819935266138145158e-01
-9.073849946442520377e+03 -9.074556955193334943e+03 7.070087508147265831e-01
-9.073824459107234361e+03 -9.074556955193334943e+03 7.324960861007234758e-01
-9.073798499660862944e+03 -9.074556955193334943e+03 7.584555324718053049e-01
-9.073772068103406127e+03 -9.074556955193334943e+03 7.848870899279719593e-01
-9.073743534036033452e+03 -9.074556955193334943e+03 8.134211573023455433e-01
-9.073718340456136502e+03 -9.074556955193334943e+03 8.386147371976895304e-01
-9.073692743355024504e+03 -9.074556955193334943e+03 8.642118383102918022e-01
-9.073666742732695639e+03 -9.074556955193334943e+03 8.902124606401523588e-01
-9.073643344195670579e+03 -9.074556955193333124e+03 9.136109976622811546e-01
-9.073619623532518744e+03 -9.074556955193333124e+03 9.373316608151759377e-01
-9.073595580743234677e+03 -9.074556955193333124e+03 9.613744500988365971e-01
-9.073571215827820197e+03 -9.074556955193333124e+03 9.857393655132631327e-01
-9.073546528786275303e+03 -9.074556955193333124e+03 1.010426407058455434e+00
-9.073521519618598177e+03 -9.074556955193333124e+03 1.035435574734413500e+00
-9.073495059612663681e+03 -9.074556955193333124e+03 1.061895580668917205e+00
-9.073473427773496951e+03 -9.074556955193333124e+03 1.083527419836677996e+00
-9.073451561178362681e+03 -9.074556955193333124e+03 1.105394014969584671e+00
-9.073429459827266328e+03 -9.074556955193333124e+03 1.127495366067638116e+00
-9.073406585709377396e+03 -9.074556955193333124e+03 1.150369483956325212e+00
-9.073388935300166850e+03 -9.074556955193333124e+03 1.168019893166081902e+00
-9.073371134225360947e+03 -9.074556955193333124e+03 1.185820967971549678e+00
-9.073353182484959689e+03 -9.074556955193333124e+03 1.203772708372728317e+00
-9.073335080078963074e+03 -9.074556955193333124e+03 1.221875114369617821e+00
-9.073316827007371103e+03 -9.074556955193333124e+03 1.240128185962218410e+00
-9.073304174004513698e+03 -9.074556955193333124e+03 1.252781188819283020e+00
-9.073291440704024353e+03 -9.074556955193333124e+03 1.265514489308620538e+00
-9.073278627105903070e+03 -9.074556955193333124e+03 1.278328087430230520e+00
-9.073265719871591500e+03 -9.074556955193333124e+03 1.291235321741126540e+00
-9.073259079094927074e+03 -9.074556955193333124e+03 1.297876098406134382e+00
-9.073252404922026471e+03 -9.074556955193333124e+03 1.304550271307169496e+00
-9.073245697352889692e+03 -9.074556955193333124e+03 1.311257840444232103e+00
-9.073238956387514918e+03 -9.074556955193333124e+03 1.317998805817321983e+00
-9.073232021193927721e+03 -9.074556955193333124e+03 1.324933999405432106e+00
-9.073231869335349984e+03 -9.074556955193333124e+03 1.325085857982397641e+00
-9.073231700556987562e+03 -9.074556955193333124e+03 1.325254636345307713e+00
-9.073231514858838636e+03 -9.074556955193333124e+03 1.325440334494162098e+00
-9.073231429337229201e+03 -9.074556955193334943e+03 1.325525856105360667e+00
-9.073237851772937574e+03 -9.074556955193334943e+03 1.319103420398011650e+00
-9.073244240812407952e+03 -9.074556955193334943e+03 1.312714380926690794e+00
-9.073250596455643972e+03 -9.074556955193334943e+03 1.306358737691396987e+00
-9.073256918702641997e+03 -9.074556955193334943e+03 1.300036490692130897e+00
-9.073269517639673722e+03 -9.074556955193334943e+03 1.287437553660691902e+00
-9.073282036279073509e+03 -9.074556955193334943e+03 1.274918914261525593e+00
-9.073294474620839537e+03 -9.074556955193334943e+03 1.262480572494632192e+00
-9.073306832664975445e+03 -9.074556955193334943e+03 1.250122528360011032e+00
-9.073318851663030728e+03 -9.074556955193333124e+03 1.238103530301492228e+00
-9.073336729607635789e+03 -9.074556955193333124e+03 1.220225585697206183e+00
-9.073354456886643675e+03 -9.074556955193333124e+03 1.202498306688631224e+00
-9.073372033500058023e+03 -9.074556955193333124e+03 1.184921693275767351e+00
-9.073389459447875197e+03 -9.074556955193333124e+03 1.167495745458614342e+00
-9.073411617715995817e+03 -9.074556955193334943e+03 1.145337477339093857e+00
-9.073433541228150716e+03 -9.074556955193334943e+03 1.123413965184719920e+00
-9.073455229984339894e+03 -9.074556955193334943e+03 1.101725208995492533e+00
-9.073476683984563351e+03 -9.074556955193334943e+03 1.080271208771411917e+00
-9.073497903228822906e+03 -9.074556955193334943e+03 1.059051964512477628e+00
-9.073522833961986180e+03 -9.074556955193334943e+03 1.034121231348153591e+00
-9.073547442569020859e+03 -9.074556955193334943e+03 1.009512624314595319e+00
-9.073571729049923306e+03 -9.074556955193334943e+03 9.852261434118030348e-01
-9.073595693404695339e+03 -9.074556955193334943e+03 9.612617886397765155e-01
-9.073617964572555138e+03 -9.074556955193334943e+03 9.389906207794115334e-01
-9.073644310665338708e+03 -9.074556955193334943e+03 9.126445279955175405e-01
-9.073670253236905410e+03 -9.074556955193334943e+03 8.867019564288818323e-01
-9.073695792287255244e+03 -9.074556955193334943e+03 8.611629060795040758e-01
-9.073720927816388212e+03 -9.074556955193334943e+03 8.360273769473847150e-01
-9.073745659824302493e+03 -9.074556955193334943e+03 8.112953690325235279e-01
-9.073769988310999906e+03 -9.074556955193334943e+03 7.869668823349202924e-01
-9.073796024524170207e+03 -9.074556955193333124e+03 7.609306691627923946e-01
-9.073821588626256926e+03 -9.074556955193333124e+03 7.353665670757492112e-01
-9.073846680617260063e+03 -9.074556955193333124e+03 7.102745760737909642e-01
-9.073871300497175980e+03 -9.074556955193333124e+03 6.856546961569175425e-01
-9.073896855829481865e+03 -9.074556955193333124e+03 6.600993638515311179e-01
-9.073921887219621567e+03 -9.074556955193333124e+03 6.350679737108209100e-01
-9.073946394667598724e+03 -9.074556955193333124e+03 6.105605257347868076e-01
-9.073970378173409699e+03 -9.074556955193333124e+03 5.865770199234288107e-01
-9.073993837737056310e+03 -9.074556955193333124e+03 5.631174562767468084e-01
-9.074016773358538558e+03 -9.074556955193333124e+03 5.401818347947410226e-01
-9.074039185037856441e+03 -9.074556955193333124e+03 5.177701554774111203e-01
-9.074061072775008142e+03 -9.074556955193333124e+03 4.958824183247574346e-01
-9.074082436569995480e+03 -9.074556955193333124e+03 4.745186233367798545e-01
-9.074104028693709552e+03 -9.074556955193331305e+03 4.529264996221187278e-01
-9.074125063083823989e+03 -9.074556955193331305e+03 4.318921095079509276e-01
-9.074145539740336972e+03 -9.074556955193331305e+03 4.114154529942764538e-01
-9.074165458663250320e+03 -9.074556955193331305e+03 3.914965300810953064e-01
-9.074183205561168506e+03 -9.074556955193333124e+03 3.737496321641818886e-01
-9.074202404558189301e+03 -9.074556955193333124e+03 3.545506351444365212e-01
-9.074221029276266563e+03 -9.074556955193333124e+03 3.359259170672738715e-01
-9.074239079715400294e+03 -9.074556955193333124e+03 3.178754779326940505e-01
-9.074256555875592312e+03 -9.074556955193333124e+03 3.003993177406970583e-01
-9.074273457756842618e+03 -9.074556955193333124e+03 2.834974364912828948e-01
-9.074289785359149391e+03 -9.074556955193333124e+03 2.671698341844515046e-01
-9.074305538682512633e+03 -9.074556955193333124e+03 2.514165108202028875e-01
-9.074320717726934163e+03 -9.074556955193333124e+03 2.362374663985370715e-01
-9.074335322492413979e+03 -9.074556955193333124e+03 2.216327009194540842e-01
-9.074349352978950265e+03 -9.074556955193333124e+03 2.076022143829538702e-01
-9.074362809186544837e+03 -9.074556955193333124e+03 1.941460067890364849e-01
-9.074375691115195878e+03 -9.074556955193333124e+03 1.812640781377019006e-01
-9.074387998764903386e+03 -9.074556955193333124e+03 1.689564284289501173e-01
-9.074399732135671002e+03 -9.074556955193333124e+03 1.572230576627811349e-01
-9.074410891227493266e+03 -9.074556955193333124e+03 1.460639658391949536e-01
-9.074420639868980288e+03 -9.074556955193333124e+03 1.363153243531749215e-01
-9.074430773957472411e+03 -9.074556955193333124e+03 1.261812358610709395e-01
-9.074440332329695593e+03 -9.074556955193333124e+03 1.166228636382043299e-01
-9.074449314985648016e+03 -9.074556955193333124e+03 1.076402076845751066e-01
-9.074457721925333317e+03 -9.074556955193333124e+03 9.923326800018329730e-02
-9.074465553148747858e+03 -9.074556955193333124e+03 9.140204458502884655e-02
-9.074473403739102650e+03 -9.074556955193333124e+03 8.355145423052663667e-02
-9.074480678341307794e+03 -9.074556955193333124e+03 7.627685202448408752e-02
-9.074487318617400888e+03 -9.074556955193334943e+03 6.963657593328002882e-02
-9.074493393336622830e+03 -9.074556955193334943e+03 6.356185671127730086e-02
-9.074498902498977259e+03 -9.074556955193334943e+03 5.805269435847589671e-02
-9.074503846104460536e+03 -9.074556955193334943e+03 5.310908887487583024e-02
-9.074508224153074480e+03 -9.074556955193334943e+03 4.873104026047710147e-02
-9.074512036644819091e+03 -9.074556955193334943e+03 4.491854851527970344e-02
-9.074515283579696188e+03 -9.074556955193334943e+03 4.167161363928363615e-02
-9.074517679436372418e+03 -9.074556955193333124e+03 3.927575696160320873e-02
-9.074520297917519201e+03 -9.074556955193333124e+03 3.665727581302181959e-02
-9.074522351543197146e+03 -9.074556955193333124e+03 3.460365013554476954e-02
-9.074523840313404435e+03 -9.074556955193333124e+03 3.311487992917205858e-02
-9.074524764228139247e+03 -9.074556955193333124e+03 3.219096519390368671e-02
-9.074525123287403403e+03 -9.074556955193333124e+03 3.183190592973966088e-02
-9.074524917491196902e+03 -9.074556955193333124e+03 3.203770213667997413e-02
-9.074524146839517925e+03 -9.074556955193333124e+03 3.280835381472461953e-02
-9.074522811332370111e+03 -9.074556955193333124e+03 3.414386096387361097e-02
-9.074520910969749821e+03 -9.074556955193333124e+03 3.604422358412694150e-02
-9.074518445751657055e+03 -9.074556955193333124e+03 3.850944167548461111e-02
-9.074515415678095451e+03 -9.074556955193333124e+03 4.153951523794661982e-02
-9.074511820749061371e+03 -9.074556955193333124e+03 4.513444427151297456e-02
-9.074507660964556635e+03 -9.074556955193333124e+03 4.929422877618366838e-02
-9.074502936324581242e+03 -9.074556955193333124e+03 5.401886875195868742e-02
-9.074497646829135192e+03 -9.074556955193333124e+03 5.930836419883805943e-02
