-1.828503419101040636e+05 -1.828544263257112470e+05 4.084415607192237729e+00
-1.828384688491820707e+05 -1.828548067132452852e+05 1.633786406321760865e+01
-1.828204242089684994e+05 -1.828571859518676938e+05 3.676174289920386684e+01
-1.827938909190091072e+05 -1.828592481281355140e+05 6.535720912639646940e+01
-1.827607954695352237e+05 -1.828629222631201847e+05 1.021267935849675439e+02
-1.827179803632248077e+05 -1.828650509380746807e+05 1.470705748498796765e+02
-1.826717734277321142e+05 -1.828719699865817674e+05 2.001965588496599082e+02
-1.826166276581312413e+05 -1.828781369589178357e+05 2.615093007866016706e+02
-1.825527085410080035e+05 -1.828837161401836784e+05 3.310075991756691565e+02
-1.824873455795417540e+05 -1.828960543424091884e+05 4.087087628674378266e+02
-1.824109046638090804e+05 -1.829055193023805332e+05 4.946146385714423559e+02
-1.823301295245295914e+05 -1.829188671340924921e+05 5.887376095628864050e+02
-1.822417377454278758e+05 -1.829328271472930792e+05 6.910894018652156774e+02
-1.821496721644703648e+05 -1.829513666800820210e+05 8.016945156116423732e+02
-1.820456229995292088e+05 -1.829661653729376267e+05 9.205423734084203033e+02
-1.819354560496339400e+05 -1.829831075347378210e+05 1.047651485103895084e+03
-1.818157858395626245e+05 -1.829988106938514975e+05 1.183024854288886445e+03
-1.816896346778408915e+05 -1.830163157336521544e+05 1.326681055811274291e+03
-1.815540666145727155e+05 -1.830326908982281166e+05 1.478624283655410409e+03
-1.814121994335810887e+05 -1.830510729533114645e+05 1.638873519730372891e+03
-1.812663048948038486e+05 -1.830737578753751295e+05 1.807452980571275930e+03
-1.811081441526415583e+05 -1.830924991053323320e+05 1.984354952690782966e+03
-1.809430221348802152e+05 -1.831126226409632363e+05 2.169600506083025266e+03
-1.807676982211719151e+05 -1.831308976911923091e+05 2.363199470020392255e+03
-1.805931792926175112e+05 -1.831583880035224429e+05 2.565208710904924374e+03
-1.804086921811282809e+05 -1.831843134931262175e+05 2.775621311997922930e+03
-1.802163749356714543e+05 -1.832108339579195017e+05 2.994459022248051042e+03
-1.800172540131418791e+05 -1.832390018362108967e+05 3.221747823069030346e+03
-1.798121559089889925e+05 -1.832696733611788077e+05 3.457517452189825690e+03
-1.795968095028460957e+05 -1.832985777511907509e+05 3.701768248344651511e+03
-1.793720234634664957e+05 -1.833265316074926523e+05 3.954508144026165610e+03
-1.791427750101847341e+05 -1.833585764889451675e+05 4.215801478760437931e+03
-1.789072953559176531e+05 -1.833929639828369836e+05 4.485668626919336930e+03
-1.786626300436035963e+05 -1.834267492302600003e+05 4.764119186656401325e+03
-1.784120574223043513e+05 -1.834632545644975617e+05 5.051197142193198488e+03
-1.781486235119396879e+05 -1.834955148389327514e+05 5.346891326993064467e+03
-1.778781516829123721e+05 -1.835293803200883849e+05 5.651228637176002849e+03
-1.776087817715078418e+05 -1.835731108390307054e+05 5.964329067522858168e+03
-1.773253790988835972e+05 -1.836115222164623847e+05 6.286143117578774763e+03
-1.770320475050588720e+05 -1.836487284370540583e+05 6.616680931995178071e+03
-1.767257899333000532e+05 -1.836817264103874331e+05 6.955936477087368985e+03
-1.764217843357911042e+05 -1.837258172872935829e+05 7.304032951502489595e+03
-1.761099237787788443e+05 -1.837709329638360359e+05 7.661009185057195282e+03
-1.757876480952661368e+05 -1.838145149186071067e+05 8.026866823340964402e+03
-1.754547025636958424e+05 -1.838563224558082584e+05 8.401619892112426896e+03
-1.751153506502976525e+05 -1.839006465779019345e+05 8.785295927604276585e+03
-1.747650397984587762e+05 -1.839429626320261741e+05 9.177922833567390626e+03
-1.744155175153679738e+05 -1.839951371815982566e+05 9.579619666230293660e+03
-1.740524042514309695e+05 -1.840427538812865387e+05 9.990349629855581952e+03
-1.736825809174531896e+05 -1.840927898760998505e+05 1.041020895864665363e+04
-1.733094982590609288e+05 -1.841487561047660711e+05 1.083925784570514952e+04
-1.729266262686189148e+05 -1.842041759462004120e+05 1.127754967758148268e+04
-1.725251562387951708e+05 -1.842501329090734944e+05 1.172497667027833086e+04
-1.721168692925036885e+05 -1.842985022974206659e+05 1.218163300491698465e+04
-1.717086906931061530e+05 -1.843563313363872585e+05 1.264764064328111999e+04
-1.712887259772373363e+05 -1.844117062959090981e+05 1.312298031867176542e+04
-1.708611048830393411e+05 -1.844688206401580246e+05 1.360771575711868172e+04
-1.704215857354198233e+05 -1.845234574411503272e+05 1.410187170573048934e+04
-1.699817970152940834e+05 -1.845873984291998204e+05 1.460560141390572244e+04
-1.695314026746210875e+05 -1.846503263453847030e+05 1.511892367076360460e+04
-1.690639997316773806e+05 -1.847057428084204730e+05 1.564174307674308693e+04
-1.685953597460000601e+05 -1.847695764753964031e+05 1.617421672939635027e+04
-1.681077033646693162e+05 -1.848239936882369511e+05 1.671629032356764219e+04
-1.676216528636004368e+05 -1.848898082915259001e+05 1.726815542792545239e+04
-1.671289085162718548e+05 -1.849588332807735715e+05 1.782992476450173126e+04
-1.666224015047010325e+05 -1.850239086591457890e+05 1.840150715444476373e+04
-1.661057147422109556e+05 -1.850886748653738468e+05 1.898296012316289125e+04
-1.655861148072519281e+05 -1.851605815907956858e+05 1.957446678354376854e+04
-1.650489266131945769e+05 -1.852248475773837417e+05 2.017592096418917936e+04
-1.645150369903914980e+05 -1.853026171847124933e+05 2.078758019432098808e+04
-1.639652004477864539e+05 -1.853746240909537300e+05 2.140942364316726889e+04
-1.634088850224918278e+05 -1.854504426188505895e+05 2.204155759635875438e+04
-1.628405416062906152e+05 -1.855245040887414652e+05 2.268396248245085008e+04
-1.622624923019480193e+05 -1.855992568377246498e+05 2.333676453577661596e+04
-1.616734327893290902e+05 -1.856733476513899222e+05 2.399991486206083937e+04
-1.610766468740238633e+05 -1.857501895467147406e+05 2.467354267269086995e+04
-1.604717241655774124e+05 -1.858295537254869705e+05 2.535782955990955816e+04
-1.598541774628914427e+05 -1.859068312387943733e+05 2.605265377590292701e+04
-1.592277692761860962e+05 -1.859859467952740379e+05 2.675817751908793434e+04
-1.585930927430686133e+05 -1.860676684594976250e+05 2.747457571642901894e+04
-1.579532629646440037e+05 -1.861551984481255058e+05 2.820193548348151671e+04
-1.572911020645569370e+05 -1.862311327081072668e+05 2.894003064355032984e+04
-1.566255483160708973e+05 -1.863147670261355233e+05 2.968921871006461879e+04
-1.559490117158046924e+05 -1.863985173025123950e+05 3.044950558670768805e+04
-1.552580018083250325e+05 -1.864787482425814087e+05 3.122074643425636896e+04
-1.545595824904177571e+05 -1.865628634987226687e+05 3.200328100830491894e+04
-1.538434719784029003e+05 -1.866404083107268380e+05 3.279693633232393768e+04
-1.531224707964766421e+05 -1.867244322893095668e+05 3.360196149283292470e+04
-1.523908501004563295e+05 -1.868092471248741786e+05 3.441839702441784902e+04
-1.516530617698862625e+05 -1.868994775306920637e+05 3.524641576080580126e+04
-1.509107930203014112e+05 -1.869969789233276097e+05 3.608618590302619850e+04
-1.501589492507532996e+05 -1.870968541676776076e+05 3.693790491692430805e+04
-1.493932593233169173e+05 -1.871948677899549948e+05 3.780160846663807024e+04
-1.486125925653222948e+05 -1.872898014495259849e+05 3.867720888420369010e+04
-1.478221461022572475e+05 -1.873871330433727126e+05 3.956498694111546502e+04
-1.470231069867153710e+05 -1.874881006327043578e+05 4.046499364598898683e+04
-1.462031332625074720e+05 -1.875802596379320312e+05 4.137712637542456650e+04
-1.453882812588805391e+05 -1.876902757642078795e+05 4.230199450532734772e+04
-1.445496025639296568e+05 -1.877887919611044636e+05 4.323918939717481408e+04
-1.437060059858466266e+05 -1.878951382172900194e+05 4.418913223144337826e+04
-1.428457813156401389e+05 -1.879975277227525075e+05 4.515174640711236862e+04
-1.419822483317840961e+05 -1.881096467069908103e+05 4.612739837520669971e+04
-1.410898797945179685e+05 -1.882056524471731682e+05 4.711577265265519964e+04
-1.401950049066522624e+05 -1.883122857653761166e+05 4.811728085872386146e+04
-1.392865642851587618e+05 -1.884184331090990745e+05 4.913186882394032727e+04
-1.383706228101221495e+05 -1.885306399460707325e+05 5.016001713594859757e+04
-1.374378567001298070e+05 -1.886393174437681446e+05 5.120146074363832304e+04
-1.364903784866547212e+05 -1.887468166990535974e+05 5.225643821239887620e+04
-1.355386989974926692e+05 -1.888639795287539600e+05 5.332528053126129817e+04
-1.345660005206103087e+05 -1.889738542827257479e+05 5.440785376211543189e+04
-1.335833434297366184e+05 -1.890877169848801568e+05 5.550437355514355295e+04
-1.325788172787344665e+05 -1.891935097307034885e+05 5.661469245196902193e+04
-1.315559728636028594e+05 -1.892948434757396171e+05 5.773887061213675770e+04
-1.305319667488048581e+05 -1.894092717755493650e+05 5.887730502674450690e+04
-1.294926524583028513e+05 -1.895228268669061363e+05 6.003017440860328497e+04
-1.284448764590592473e+05 -1.896427267006723559e+05 6.119785024161310866e+04
-1.273812833160488226e+05 -1.897615374915539578e+05 6.238025417550514248e+04
-1.262966645184472727e+05 -1.898739004548092198e+05 6.357723593636193982e+04
-1.251930140152329986e+05 -1.899819496007087291e+05 6.478893558547573048e+04
-1.240779906551791355e+05 -1.900935410015003872e+05 6.601555034632125171e+04
-1.229560385069967597e+05 -1.902135639608129568e+05 6.725752545381619711e+04
-1.218300380663541873e+05 -1.903455001637337555e+05 6.851546209737956815e+04
-1.206760967470461037e+05 -1.904648820353670744e+05 6.978878528832097072e+04
-1.195259314681454562e+05 -1.906045945354392461e+05 7.107866306729378994e+04
-1.183449926789681485e+05 -1.907293759576328448e+05 7.238438327866469626e+04
-1.171541898551369959e+05 -1.908608244046984473e+05 7.370663454956145142e+04
-1.159404665154031827e+05 -1.909857218542348419e+05 7.504525533883165917e+04
-1.147163862596464314e+05 -1.911167595614602033e+05 7.640037330181377183e+04
-1.134797268774787954e+05 -1.912522826313711703e+05 7.777255575389237492e+04
-1.122211586417194194e+05 -1.913826862373438780e+05 7.916152759562445863e+04
-1.109496312412226689e+05 -1.915174533995184465e+05 8.056782215829577763e+04
-1.096686329922538571e+05 -1.916605382401899260e+05 8.199190524793606892e+04
-1.083590813534972840e+05 -1.917924181284099759e+05 8.343333677491269191e+04
-1.070420023809245031e+05 -1.919350626318943105e+05 8.489306025096980738e+04
-1.056961035962496098e+05 -1.920665328725551663e+05 8.637042927630555641e+04
-1.043313541646005178e+05 -1.921972220447589061e+05 8.786586788015838829e+04
-1.029542624133365462e+05 -1.923339788307901763e+05 8.937971641745363013e+04
-1.015576604871400341e+05 -1.924697394702979072e+05 9.091207898315787315e+04
-1.001404198765325709e+05 -1.926034000589099596e+05 9.246298018237738870e+04
-9.871385441749406164e+04 -1.927468870152589516e+05 9.403303259776488994e+04
-9.726261205800856987e+04 -1.928848577063959965e+05 9.562224564838742663e+04
-9.579371473702680669e+04 -1.930246639839068812e+05 9.723094924688007450e+04
-9.431155712520713860e+04 -1.931711721978110436e+05 9.885961507260390499e+04
-9.280601926116338291e+04 -1.933142504071413423e+05 1.005082311459779594e+05
-9.128764502148776955e+04 -1.934649950571138470e+05 1.021773500356260774e+05
-8.975295784912945237e+04 -1.936205028716286179e+05 1.038675450224991655e+05
-8.819459666633493907e+04 -1.937732200135546154e+05 1.055786233472196764e+05
-8.660929244553361787e+04 -1.939203163733650581e+05 1.073110239278314402e+05
-8.499593621029285714e+04 -1.940602437289398513e+05 1.090643075186469941e+05
-8.336756545874371659e+04 -1.942067531543074583e+05 1.108391876955637417e+05
-8.171925460703315912e+04 -1.943551981638260768e+05 1.126359435567929177e+05
-8.005803595094918273e+04 -1.945129282074935618e+05 1.144548922565443791e+05
-7.837234347963357868e+04 -1.946691326096113480e+05 1.162967891299777693e+05
-7.666295801718166331e+04 -1.948245808492336655e+05 1.181616228320520022e+05
-7.492696031787942047e+04 -1.949764643620087591e+05 1.200495040441293386e+05
-7.316559317528951215e+04 -1.951261866300207330e+05 1.219605934547312208e+05
-7.138794966827883036e+04 -1.952832915853354789e+05 1.238953419170566485e+05
-6.957320471723753144e+04 -1.954267677823507693e+05 1.258535630651132378e+05
-6.775344053304358386e+04 -1.955899736086156336e+05 1.278365330755720497e+05
-6.590020746286649955e+04 -1.957443602842087275e+05 1.298441528213422280e+05
-6.403342252595990431e+04 -1.959107695901278057e+05 1.318773470641679014e+05
-6.213585721133934567e+04 -1.960721727666421211e+05 1.339363155553027755e+05
-6.021536941110479529e+04 -1.962368015617819037e+05 1.360214321506771084e+05
-5.826511200794146862e+04 -1.963975573745231668e+05 1.381324453665816982e+05
-5.628673043427217635e+04 -1.965571476287956757e+05 1.402704171945234993e+05
-5.429124081559732440e+04 -1.967270109886340797e+05 1.424357701730367553e+05
-5.226158837636525277e+04 -1.968901274857020471e+05 1.446285391093367944e+05
-5.021511883207960636e+04 -1.970651636402877048e+05 1.468500448082080984e+05
-4.813583071485691471e+04 -1.972355230262902915e+05 1.490996923114333767e+05
-4.602745235839264933e+04 -1.974062494018467551e+05 1.513787970434541057e+05
-4.389589868137353915e+04 -1.975835543958616618e+05 1.536876557144881226e+05
-4.172351061223243596e+04 -1.977495364055109676e+05 1.560260257932785316e+05
-3.952216352405320504e+04 -1.979164191753175401e+05 1.583942556512643350e+05
-3.728349532431535772e+04 -1.980753972638049454e+05 1.607919019394895877e+05
-3.503414883720467333e+04 -1.982558894439173164e+05 1.632217406067126431e+05
-3.274723037909762934e+04 -1.984302457987790403e+05 1.656830154196814110e+05
-3.041183512117364444e+04 -1.985867744133783563e+05 1.681749392922047118e+05
-2.805773558123502880e+04 -1.987574278675389360e+05 1.706996922863039072e+05
-2.567793827511291602e+04 -1.989357526383895893e+05 1.732578143632766732e+05
-2.325611497561764554e+04 -1.991053381992727227e+05 1.758492232236550772e+05
-2.080502701793666347e+04 -1.992802768147720199e+05 1.784752497968353564e+05
-1.831984111507827765e+04 -1.994559321252379159e+05 1.811360910101596382e+05
-1.581040534879118786e+04 -1.996432230025180033e+05 1.838328176537268155e+05
-1.325532838989511947e+04 -1.998208472749875509e+05 1.865655188850924314e+05
-1.066784325210374664e+04 -2.000026980316070549e+05 1.893348547795033082e+05
-8.047347661442880053e+03 -2.001894216956585296e+05 1.921420740342156496e+05
-5.383459829219442327e+03 -2.003708339210305712e+05 1.949873740918111289e+05
-2.687797461934009334e+03 -2.005597249942494382e+05 1.978719275323154288e+05
4.165384303667815402e+01 -2.007557507804621710e+05 2.007974046234988491e+05
2.822152854507265147e+03 -2.009408111456101760e+05 2.037629640001174412e+05
5.636307166130369296e+03 -2.011346152912181278e+05 2.067709224573484971e+05
8.493702727568073897e+03 -2.013271256313674385e+05 2.098208283589355124e+05
1.139862675684614806e+04 -2.015142954545259126e+05 2.129129222113720607e+05
1.435141255160295987e+04 -2.016967956496569968e+05 2.160482082012599567e+05
1.734090533469110960e+04 -2.018859985947650857e+05 2.192269039294561953e+05
2.038422749337455025e+04 -2.020647677497142868e+05 2.224489952430888370e+05
2.346044263807201060e+04 -2.022571314264520770e+05 2.257175740645240876e+05
2.659255107954289997e+04 -2.024392285617233138e+05 2.290317796412662137e+05
2.977503818159783259e+04 -2.026171512715153513e+05 2.323921894531131838e+05
3.299005910288880114e+04 -2.028115787601374905e+05 2.358016378630262916e+05
3.626106561289663659e+04 -2.029987644635869656e+05 2.392598300764836022e+05
3.957855911241372814e+04 -2.031888080087305862e+05 2.427673671211443143e+05
4.293238016668162891e+04 -2.033963156666155846e+05 2.463286958332972135e+05
4.635172955184488092e+04 -2.035902210590222967e+05 2.499419506108671776e+05
4.982540541528732865e+04 -2.037827019394607341e+05 2.536081073547480628e+05
5.334200720511827967e+04 -2.039893446481219435e+05 2.573313518532402231e+05
5.692117224302553223e+04 -2.041889500415488437e+05 2.611101222845743760e+05
6.055958957811209257e+04 -2.043868376686581469e+05 2.649464272467702394e+05
6.425876344424718991e+04 -2.045808745407799724e+05 2.688396379850271624e+05
6.801025803233639454e+04 -2.047818233532299928e+05 2.727920813855663873e+05
7.181579093410022324e+04 -2.049906430166105856e+05 2.768064339507108089e+05
7.569500968462569290e+04 -2.051862943355533353e+05 2.808813040201790282e+05
7.962964839704104816e+04 -2.053922933171424374e+05 2.850219417141834856e+05
8.363039371896634111e+04 -2.055962593711945810e+05 2.892266530901609221e+05
8.769559773236658657e+04 -2.058032877043729532e+05 2.934988854367395397e+05
9.183921963268198306e+04 -2.059981656824508100e+05 2.978373853151327930e+05
9.604114564039459219e+04 -2.062052888123702724e+05 3.022464344527648645e+05
1.003152438368609292e+05 -2.064099688265771256e+05 3.067252126634380547e+05
1.046732046340280212e+05 -2.066025073118465953e+05 3.112757119458746165e+05
1.090883579980192007e+05 -2.068128783465671586e+05 3.159012363445863593e+05
1.135842241454567702e+05 -2.070195030597191362e+05 3.206037272051759064e+05
1.181525729851945071e+05 -2.072326966241172049e+05 3.253852696093117120e+05
1.228014805762576289e+05 -2.074448427082151175e+05 3.302463232844727463e+05
1.275342880986608798e+05 -2.076543730464963592e+05 3.351886611451572389e+05
1.323496187195719394e+05 -2.078657148281078262e+05 3.402153335476797656e+05
1.372494151003081060e+05 -2.080771430869779724e+05 3.453265581872860785e+05
1.422435025792276429e+05 -2.082819148503638862e+05 3.505254174295915291e+05
1.473190433347993821e+05 -2.084965787121825560e+05 3.558156220469819382e+05
1.524938111754598503e+05 -2.087030482746479393e+05 3.611968594501077896e+05
1.577593299752826570e+05 -2.089145218789577484e+05 3.666738518542404054e+05
1.631208453134603333e+05 -2.091256616573007777e+05 3.722465069707611110e+05
1.685817215282920806e+05 -2.093395029345880903e+05 3.779212244628801709e+05
1.741470652520897856e+05 -2.095524640615082171e+05 3.836995293135980028e+05
1.798213348654361616e+05 -2.097610590580781864e+05 3.895823939235143480e+05
1.855917705556044821e+05 -2.099825050817583688e+05 3.955742756373628508e+05
1.914845456364190031e+05 -2.101883961303892720e+05 4.016729417668082751e+05
1.974829875872783887e+05 -2.104063895500928338e+05 4.078893771373712225e+05
2.036036290067755908e+05 -2.106194532637107477e+05 4.142230822704863385e+05
2.098440744319879450e+05 -2.108317687888552318e+05 4.206758432208431768e+05
2.162078505970314145e+05 -2.110438255424784147e+05 4.272516761395098292e+05
2.226922777580484981e+05 -2.112640498680906021e+05 4.339563276261391002e+05
2.293071400764384016e+05 -2.114867535355359141e+05 4.407938936119743157e+05
2.360613327261628874e+05 -2.117062455131434544e+05 4.477675782393063419e+05
2.429485809826351469e+05 -2.119336511675748043e+05 4.548822321502099512e+05
2.499965161951457267e+05 -2.121426571813373012e+05 4.621391733764830278e+05
2.571887851623443421e+05 -2.123537485097745666e+05 4.695425336721189087e+05
2.645294435378018534e+05 -2.125717091951186594e+05 4.771011527329204837e+05
2.720189591253208928e+05 -2.127994697151280416e+05 4.848184288404489635e+05
2.796799341227547266e+05 -2.130198110909425013e+05 4.926997452136971988e+05
2.875096130791393807e+05 -2.132332902136632765e+05 5.007429032928026281e+05
2.955071354399509728e+05 -2.134567090423502959e+05 5.089638444823012687e+05
3.036837106133352499e+05 -2.136835094486688613e+05 5.173672200620041112e+05
3.120511703119779122e+05 -2.139062767470969702e+05 5.259574470590748824e+05
3.206083382295107003e+05 -2.141350176870175346e+05 5.347433559165282641e+05
3.293756902738556382e+05 -2.143551020017002593e+05 5.437307922755558975e+05
3.383477388818857726e+05 -2.145720337736353686e+05 5.529197726555211702e+05
3.475261119684991427e+05 -2.147886405490705802e+05 5.623147525175696937e+05
3.569219509678692557e+05 -2.150143022698044078e+05 5.719362532376736635e+05
3.665477005066628335e+05 -2.152317786229171616e+05 5.817794791295799660e+05
3.764126230463163811e+05 -2.154529236265863874e+05 5.918655466729027685e+05
3.865245948584682774e+05 -2.156712894509678299e+05 6.021958843094360782e+05
3.968834868580745533e+05 -2.158934336778563738e+05 6.127769205359308980e+05
4.075093185561319115e+05 -2.161079296146667330e+05 6.236172481707986444e+05
4.184012830665728543e+05 -2.163395433718144486e+05 6.347408264383872738e+05
4.295851145917345420e+05 -2.165660983965328778e+05 6.461512129882674199e+05
4.410703688433581847e+05 -2.167890529288357939e+05 6.578594217721939785e+05
4.528667996735244524e+05 -2.170042806830434420e+05 6.698710803565678652e+05
4.649772183401378570e+05 -2.172284392302880296e+05 6.822056575704258867e+05
4.774317043623077916e+05 -2.174486607593362278e+05 6.948803651216439903e+05
4.902352179512716830e+05 -2.176766431064556527e+05 7.079118610577273648e+05
5.034024597309272503e+05 -2.179008354388113366e+05 7.213032951697385870e+05
5.169615019198105438e+05 -2.181253095257020032e+05 7.350868114455125760e+05
5.309240536834216909e+05 -2.183487860759364848e+05 7.492728397593582049e+05
5.453005610294666840e+05 -2.185602938131444389e+05 7.638608548426111229e+05
5.601058653062779922e+05 -2.187879029144954693e+05 7.788937682207734324e+05
5.753712655241220491e+05 -2.190139366845089535e+05 7.943852022086309735e+05
5.911249964589807205e+05 -2.192286138038993813e+05 8.103536102628801018e+05
6.073753110739232507e+05 -2.194485417256355868e+05 8.268238527995588956e+05
6.241463482260262826e+05 -2.196739373975643830e+05 8.438202856235906947e+05
6.414787631451472407e+05 -2.198886144358252932e+05 8.613673775809725048e+05
6.593854841819514986e+05 -2.201033220258129877e+05 8.794888062077645445e+05
6.778857597123382147e+05 -2.203200122389224707e+05 8.982057719512607437e+05
6.970273475353375543e+05 -2.205419633568803838e+05 9.175693108922179090e+05
7.168500019793274114e+05 -2.207635549115757167e+05 9.376135568909031572e+05
7.373902722895548213e+05 -2.209773746677716263e+05 9.583676469573264476e+05
7.586789303324897774e+05 -2.211892727940911427e+05 9.798682031265809201e+05
7.807457885279916227e+05 -2.214031951398669917e+05 1.002148983667858643e+06
8.036773233862620546e+05 -2.216276522478091356e+05 1.025304975634071161e+06
8.275355427031787112e+05 -2.218447773089559632e+05 1.049380320012134733e+06
8.523646175144563895e+05 -2.220612236802079133e+05 1.074425841194664361e+06
8.781661919071193552e+05 -2.222630759442384588e+05 1.100429267851357814e+06
9.050154195170376915e+05 -2.224724270969607751e+05 1.127487846613998525e+06
9.329724070264270995e+05 -2.226890278462913993e+05 1.155661434872718528e+06
9.620986334146952722e+05 -2.228895385285623197e+05 1.184988171943257563e+06
9.925362960046777735e+05 -2.230972765877641796e+05 1.215633572592441924e+06
1.024342867385636084e+06 -2.233086600029441179e+05 1.247651527388580143e+06
1.057564482882432872e+06 -2.235164875190861349e+05 1.281080970401518978e+06
1.092360818988955580e+06 -2.237176370270318293e+05 1.316078456015987322e+06
1.128768112648104783e+06 -2.239185758684540924e+05 1.352686688516558846e+06
1.166928492783554131e+06 -2.241216508792035456e+05 1.391050143662757706e+06
1.206968053940408397e+06 -2.243179370740252780e+05 1.431285991014433559e+06
1.249028279173730407e+06 -2.245209440556821646e+05 1.473549223229412688e+06
1.293071923061093315e+06 -2.247133238687765843e+05 1.517785246929869987e+06
1.339301074401867809e+06 -2.249036895876356866e+05 1.564204763989503495e+06
1.387869934214510024e+06 -2.251026716941920749e+05 1.612972605908702128e+06
1.438986486668557394e+06 -2.252884564041052945e+05 1.664274943072662689e+06
1.492659121639805147e+06 -2.254678814780476969e+05 1.718127003117852844e+06
1.548836332757508615e+06 -2.256530093065380934e+05 1.774489342064046767e+06
1.607607366331992671e+06 -2.258331921888685611e+05 1.833440558520861203e+06
1.669020683568362612e+06 -2.260112662788711314e+05 1.895031949847233715e+06
1.732925929443571949e+06 -2.261874579553845979e+05 1.959113387398956576e+06
1.799151734062339179e+06 -2.263630655677437899e+05 2.025514799630082911e+06
1.867344188154574018e+06 -2.265310757532125281e+05 2.093875263907786459e+06
1.936943088131763972e+06 -2.266949101446856803e+05 2.163637998276449740e+06
2.007609708666586084e+06 -2.268548814281176601e+05 2.234464590094703715e+06
2.078839759243326727e+06 -2.270108810728933604e+05 2.305850640316220000e+06
2.149844470049663447e+06 -2.271584382964133401e+05 2.377002908346076962e+06
2.219649938607608899e+06 -2.273037066587871814e+05 2.446953645266395994e+06
2.286829078680988401e+06 -2.274468724573216750e+05 2.514275951138310134e+06
2.350503119591110386e+06 -2.275861969559462159e+05 2.578089316547056660e+06
2.410083989140014164e+06 -2.277215377507376834e+05 2.637805526890751906e+06
2.464895120120651089e+06 -2.278460252588264120e+05 2.692741145379477646e+06
2.514595131141115446e+06 -2.279670451640517858e+05 2.742562176305167377e+06
2.558571738557022531e+06 -2.280717792336788843e+05 2.786643517790701240e+06
2.596341994769579731e+06 -2.281810524459894223e+05 2.824523047215569299e+06
2.628130161928301211e+06 -2.282784556206198758e+05 2.856408617548921145e+06
2.653687034700203687e+06 -2.283698450891463726e+05 2.882056879789350089e+06
2.673037477823282126e+06 -2.284611051752747153e+05 2.901498582998557016e+06
2.686558012628119905e+06 -2.285439305311642820e+05 2.915101943159284070e+06
2.693777766670680139e+06 -2.286192179780041042e+05 2.922396984648684040e+06
2.695607531367418822e+06 -2.286851687675307330e+05 2.924292700134949759e+06
2.692242120734008495e+06 -2.287477123123784258e+05 2.920989833046386950e+06
2.684221040838354267e+06 -2.288002569703635236e+05 2.913021297808717936e+06
2.672058189320432022e+06 -2.288434794710624265e+05 2.900901668791494332e+06
2.655893305684379768e+06 -2.288864576166547486e+05 2.884779763301034458e+06
2.636889632124279626e+06 -2.289271307247606455e+05 2.865816762849040329e+06
2.614779494434847496e+06 -2.289571812543255510e+05 2.843736675689172931e+06
2.590078110498372465e+06 -2.289802511749241676e+05 2.819058361673296429e+06
2.563155444087632466e+06 -2.289943547075983661e+05 2.792149798795230687e+06
2.534842567999374587e+06 -2.290117108584891830e+05 2.763854278857863974e+06
2.504994641158453189e+06 -2.290179724268574791e+05 2.734012613585310522e+06
2.474018415121925529e+06 -2.290170040999366902e+05 2.703035419221862219e+06
2.442044188973044977e+06 -2.290122343220618786e+05 2.671056423295106739e+06
2.409456312946071848e+06 -2.290020162577805459e+05 2.638458329203852452e+06
2.376193530801230110e+06 -2.289852663336861588e+05 2.605178797134916298e+06
2.342566834297701251e+06 -2.289693469026167877e+05 2.571536181200318038e+06
2.308576711616785731e+06 -2.289445257587147935e+05 2.537521237375500612e+06
2.274582238258212805e+06 -2.289136425669845194e+05 2.503495880825197324e+06
2.240657587009118404e+06 -2.288741680156479706e+05 2.469531755024766549e+06
2.206635489025766030e+06 -2.288349481510117184e+05 2.435470437176777981e+06
2.172624724205976352e+06 -2.287927824126344349e+05 2.401417506618610583e+06
2.138886235592260025e+06 -2.287470206686122110e+05 2.367633256260872353e+06
2.105317883893288206e+06 -2.286945940014260123e+05 2.334012477894714102e+06
2.072026928607626818e+06 -2.286364477391773253e+05 2.300663376346804202e+06
2.039133853054999141e+06 -2.285704749722785491e+05 2.267704328027277719e+06
2.006588085403327830e+06 -2.285030092812873481e+05 2.235091094684615266e+06
1.974485881225199904e+06 -2.284349305081567145e+05 2.202920811733356677e+06
1.942634561011654325e+06 -2.283657118198894022e+05 2.171000272831543814e+06
1.911230536789945094e+06 -2.282911558886247221e+05 2.139521692678569816e+06
1.880314397843937855e+06 -2.282126965440675849e+05 2.108527094388005324e+06
1.849893718282801099e+06 -2.281262492771392281e+05 2.078019967559940415e+06
1.819926843560694950e+06 -2.280376923121145519e+05 2.047964535872809589e+06
1.790304550839003641e+06 -2.279468718413906754e+05 2.018251422680394258e+06
1.761360608173417859e+06 -2.278507344653140171e+05 1.989211342638731934e+06
1.732921559802755015e+06 -2.277559587937143515e+05 1.960677518596469425e+06
1.705008370442808606e+06 -2.276556661308069888e+05 1.932664036573615624e+06
1.677697769580285065e+06 -2.275507607309726591e+05 1.905248530311257811e+06
1.651017718856608029e+06 -2.274433714480823546e+05 1.878461090304690413e+06
1.625002256818461232e+06 -2.273277053333264776e+05 1.852329962151787709e+06
1.599585231010355754e+06 -2.272164680962872517e+05 1.826801699106642976e+06
1.574670626403346658e+06 -2.271005313885526266e+05 1.801771157791899284e+06
1.550363605653425446e+06 -2.269816945746073907e+05 1.777345300228032749e+06
1.526666810962420190e+06 -2.268640967294237053e+05 1.753530907691843808e+06
1.503650439558008919e+06 -2.267337872479377838e+05 1.730384226805946790e+06
1.481245301552163670e+06 -2.266071136269488488e+05 1.707852415179112460e+06
1.459402110747246770e+06 -2.264750168167765369e+05 1.685877127564023249e+06
1.438200803364670370e+06 -2.263399165878018539e+05 1.664540719952472253e+06
1.417603324605269358e+06 -2.262057308980343223e+05 1.643809055503303651e+06
1.397652813089741161e+06 -2.260659319400952663e+05 1.623718745029836427e+06
1.378271426912806695e+06 -2.259313858808969671e+05 1.604202812793703750e+06
1.359412369232082972e+06 -2.257967248610848619e+05 1.585209094093167922e+06
1.341160669194903690e+06 -2.256513783029189799e+05 1.566812047497822670e+06
1.323506166646093130e+06 -2.255007065888625802e+05 1.549006873234955594e+06
1.306450668959492818e+06 -2.253517578628281481e+05 1.531802426822321024e+06
1.289905622875746107e+06 -2.252016708033370960e+05 1.515107293679083232e+06
1.273890306773205055e+06 -2.250522671768334985e+05 1.498942573950038524e+06
1.258367425782260485e+06 -2.248992979240106361e+05 1.483266723706271034e+06
1.243396474933033343e+06 -2.247425054434021586e+05 1.468138980376435444e+06
1.228948640684770187e+06 -2.245811417444855906e+05 1.453529782429255778e+06
1.215012952294069342e+06 -2.244147940373810998e+05 1.439427746331450529e+06
1.201579337868093513e+06 -2.242516133133041440e+05 1.425830951181397773e+06
1.188558907946534455e+06 -2.240890075956134824e+05 1.412647915542148054e+06
1.175962521258399589e+06 -2.239302467206076835e+05 1.399892767979007214e+06
1.163814893909697887e+06 -2.237596663855166407e+05 1.387574560295214644e+06
1.152073198451331351e+06 -2.235902725956663489e+05 1.375663471046997700e+06
1.140746919776740717e+06 -2.234182760488253844e+05 1.364165195825566072e+06
1.129802174619890517e+06 -2.232405983948521898e+05 1.353042773014742648e+06
1.119202853543606121e+06 -2.230607316312899638e+05 1.342263585174896056e+06
1.108939698152678087e+06 -2.228844952492578886e+05 1.331824193401935976e+06
1.098995324439934455e+06 -2.227163861221723782e+05 1.321711710562106920e+06
1.089366595369953895e+06 -2.225360502162305056e+05 1.311902645586184459e+06
1.079991138280163752e+06 -2.223495579290597525e+05 1.302340696209223475e+06
1.070853323716150364e+06 -2.221585762485869636e+05 1.293011899964737240e+06
1.061984595352766104e+06 -2.219762647745610157e+05 1.283960860127327032e+06
1.053334413636290468e+06 -2.217902932722499245e+05 1.275124706908540335e+06
1.044858930499204202e+06 -2.216062759248908260e+05 1.266465206424094969e+06
1.036590231838513515e+06 -2.214097821494421223e+05 1.258000013987955637e+06
1.028515872623888426e+06 -2.212179165819670307e+05 1.249733789205855457e+06
1.020620555963815888e+06 -2.210266761541894521e+05 1.241647232118005399e+06
1.012889275001300732e+06 -2.208287897369110142e+05 1.233718064738211688e+06
1.005207897056883783e+06 -2.206343367306071741e+05 1.225842233787490986e+06
9.976365108195182402e+05 -2.204420262591498904e+05 1.218078537078668131e+06
9.901611158098619198e+05 -2.202385680600741180e+05 1.210399683869936038e+06
9.827599733131886460e+05 -2.200395922237341292e+05 1.202799565536922775e+06
9.754293269960562466e+05 -2.198422524396861845e+05 1.195271579435742460e+06
9.682017356635091128e+05 -2.196398090834295144e+05 1.187841544746938627e+06
9.610471004506867612e+05 -2.194353020421652182e+05 1.180482402492851950e+06
9.539804683455559425e+05 -2.192302685639088158e+05 1.173210736909464700e+06
9.469767152922970708e+05 -2.190273181523191743e+05 1.166004033444616245e+06
9.400714013873585500e+05 -2.188189964364603802e+05 1.158890397823818959e+06
9.332363842253091279e+05 -2.186017152462613303e+05 1.151838099471570458e+06
9.263970503038300667e+05 -2.183909044797094830e+05 1.144787954783539521e+06
9.196186144341338659e+05 -2.181817626399164146e+05 1.137800377074050251e+06
9.128750492240448948e+05 -2.179740632236340898e+05 1.130849112447679043e+06
9.061804492562195519e+05 -2.177567224932419194e+05 1.123937171749461442e+06
8.995150513780850451e+05 -2.175461277534937835e+05 1.117061179131578887e+06
8.929162717792061158e+05 -2.173276565278657363e+05 1.110243928307071794e+06
8.863901583161818562e+05 -2.171029882057994837e+05 1.103493146521981340e+06
8.799532411637441255e+05 -2.168936871706437669e+05 1.096846928334387951e+06
8.735566012338518631e+05 -2.166761326560729358e+05 1.090232733889924828e+06
8.671976066585190129e+05 -2.164502016650093719e+05 1.083647808323528385e+06
8.608818384890118614e+05 -2.162336837946511514e+05 1.077115522283663042e+06
8.546908369847325375e+05 -2.160004447197172267e+05 1.070691281704449793e+06
8.485664026173204184e+05 -2.157720971023000893e+05 1.064338499719620449e+06
8.424662285830538021e+05 -2.155489352603162115e+05 1.058015163843370043e+06
8.364390588342903648e+05 -2.153288412065838638e+05 1.051767900040874258e+06
8.304784536731154658e+05 -2.151046909033687261e+05 1.045583144576484221e+06
8.245862044350893702e+05 -2.148736332283097436e+05 1.039459837663399172e+06
8.187320456497442210e+05 -2.146497576228958787e+05 1.033381803272640100e+06
8.129526785268628737e+05 -2.144272964700769226e+05 1.027379974996939767e+06
8.072842834346897434e+05 -2.141909964171706815e+05 1.021475279851860367e+06
8.016854473575452575e+05 -2.139584333750545047e+05 1.015643880732599762e+06
7.961645280062679667e+05 -2.137225593997483957e+05 1.009887087406016421e+06
7.907275349035973195e+05 -2.134931823474758421e+05 1.004220717251073103e+06
7.853784409475553548e+05 -2.132692786899230268e+05 9.986477196374783525e+05
7.801155113495086553e+05 -2.130315310901506746e+05 9.931470424396593589e+05
7.749273724115822697e+05 -2.127967954553492309e+05 9.877241678669315297e+05
7.698136538831695216e+05 -2.125623962674500945e+05 9.823760501506195869e+05
7.647625317079151282e+05 -2.123180690165771812e+05 9.770806007244923385e+05
7.598043074213801883e+05 -2.120867215062105097e+05 9.718910289275906980e+05
7.549647497309360188e+05 -2.118477615471581230e+05 9.668125112780941417e+05
7.501908813136488898e+05 -2.116109751388552831e+05 9.618018564525041729e+05
7.454841157729693223e+05 -2.113786506746130763e+05 9.568627664475823985e+05
7.408287738126069307e+05 -2.111418714487253455e+05 9.519706452613322763e+05
7.362339038561349735e+05 -2.109101903107767575e+05 9.471440941669117892e+05
7.317461629099593265e+05 -2.106567983173012035e+05 9.424029612272605300e+05
7.273221717972100014e+05 -2.104170489915141079e+05 9.377392207887241384e+05
7.230024098986326717e+05 -2.101757799760988855e+05 9.331781898747315863e+05
7.187593285691878991e+05 -2.099340865314615949e+05 9.286934151006494649e+05
7.145532046122294851e+05 -2.097028918967731297e+05 9.242560965090026148e+05
7.104715598132180749e+05 -2.094473781546900282e+05 9.199189379679081030e+05
7.063948839528252138e+05 -2.092092425164687447e+05 9.156041264692939585e+05
7.024164145534110721e+05 -2.089716272368438367e+05 9.113880417902548797e+05
6.985061700186601374e+05 -2.087332604273141478e+05 9.072394304459743435e+05
6.946824512937227264e+05 -2.084961808649762534e+05 9.031786321586989798e+05
6.909332450198500883e+05 -2.082588315077580628e+05 8.991920765276082093e+05
6.872697205827647122e+05 -2.080093556021027034e+05 8.952790761848674156e+05
6.836825803212164901e+05 -2.077540173581058625e+05 8.914365976793223526e+05
6.801607761026001535e+05 -2.075008739081306849e+05 8.876616500107308384e+05
6.766814856315380894e+05 -2.072567182068070397e+05 8.839382038383451290e+05
6.732858029954486992e+05 -2.070166255302167847e+05 8.803024285256654257e+05
6.699732425023308024e+05 -2.067643497769415553e+05 8.767375922792723868e+05
6.667005652876229724e+05 -2.065289930230040336e+05 8.732295583106270060e+05
6.635028483106170315e+05 -2.062904473415128887e+05 8.697932956521299202e+05
6.603925176007943228e+05 -2.060316420654535468e+05 8.664241596662478987e+05
6.573537711523149628e+05 -2.057778057589347591e+05 8.631315769112496637e+05
6.543813509953032481e+05 -2.055256804713691527e+05 8.599070314666724298e+05
6.514794896029711235e+05 -2.052645808106946060e+05 8.567440704136657296e+05
6.486688546378503088e+05 -2.049975030038540717e+05 8.536663576417043805e+05
6.459487810692216735e+05 -2.047136162244212173e+05 8.506623972936428618e+05
6.433220915409629233e+05 -2.044272347147850669e+05 8.477493262557480484e+05
6.407817076395052718e+05 -2.041355829485680442e+05 8.449172905880733160e+05
6.382930692576009315e+05 -2.038712595545653894e+05 8.421643288121663500e+05
6.358317865872996626e+05 -2.035965090433271544e+05 8.394282956306268461e+05
6.334530619493175764e+05 -2.033080470542318653e+05 8.367611090035494417e+05
6.312024399955440313e+05 -2.029432797123062483e+05 8.341457197078502504e+05
6.289622539601775352e+05 -2.026189497771724709e+05 8.315812037373500643e+05
6.268336567211295478e+05 -2.022623092288916814e+05 8.290959659500212874e+05
6.247827761513915611e+05 -2.018888695740224503e+05 8.266716457254140405e+05
6.227217354172514752e+05 -2.015784092313405708e+05 8.243001446485919878e+05
6.207985624156494159e+05 -2.012075162276569172e+05 8.220060786433063913e+05
6.190333640177659690e+05 -2.007225677841982688e+05 8.197559318019642960e+05
6.172557101330524310e+05 -2.003285403618158307e+05 8.175842504948682617e+05
6.156690750253546285e+05 -1.998016443879885192e+05 8.154707194133431185e+05
6.140693181650419720e+05 -1.993328377876726154e+05 8.134021559527146164e+05
6.126216932469203603e+05 -1.987623184455968440e+05 8.113840116925172042e+05
6.111533509209569311e+05 -1.982295477466325683e+05 8.093828986675895285e+05
6.098152858875655802e+05 -1.976195224663833797e+05 8.074348083539489890e+05
6.084114431130483281e+05 -1.971195508492391673e+05 8.055309939622874372e+05
6.071134665809493745e+05 -1.965710677445662732e+05 8.036845343255156185e+05
6.058407281684186310e+05 -1.960110781926751952e+05 8.018518063610937679e+05
6.045843227119599469e+05 -1.954731420693171385e+05 8.000574647812771145e+05
6.034391356237025466e+05 -1.948743202987644472e+05 7.983134559224669356e+05
6.022279558603395708e+05 -1.943548191213134560e+05 7.965827749816529686e+05
6.012510655841805274e+05 -1.936261563579445938e+05 7.948772219421251211e+05
6.001998076809162740e+05 -1.930413375775840250e+05 7.932411452585003572e+05
5.991342714618853061e+05 -1.924839624138713116e+05 7.916182338757566176e+05
5.983368917478267103e+05 -1.916875505852170754e+05 7.900244423330437858e+05
5.973103204799748491e+05 -1.911707445492064580e+05 7.884810650291813072e+05
5.964188112343820976e+05 -1.905544021249755460e+05 7.869732133593576727e+05
5.954784851751109818e+05 -1.900256509402183874e+05 7.855041361153293401e+05
5.947143094138290035e+05 -1.893218053936813958e+05 7.840361148075103993e+05
5.939549160409790929e+05 -1.886483743391034077e+05 7.826032903800825588e+05
5.931963935845857486e+05 -1.880003352943846839e+05 7.811967288789703744e+05
5.924159193111333298e+05 -1.873880870601424540e+05 7.798040063712757546e+05
5.916528061624057591e+05 -1.867610191956000053e+05 7.784138253580058226e+05
5.907367860067895381e+05 -1.863278018059028545e+05 7.770645878126923926e+05
5.899470031626258278e+05 -1.857575507147659955e+05 7.757045538773918524e+05
5.892147150856469525e+05 -1.851621517199693772e+05 7.743768668056163006e+05
5.886000235005752183e+05 -1.844831379267005250e+05 7.730831614272757433e+05
5.880070082803185796e+05 -1.838432213777059224e+05 7.718502296580245020e+05
5.875013746220339090e+05 -1.832086016844561673e+05 7.707099763064901344e+05
5.870510416198895546e+05 -1.825018069479636324e+05 7.695528485678532161e+05
5.866689594746561488e+05 -1.817479736492106749e+05 7.684169331238667946e+05
5.861476955272714840e+05 -1.811322721035376890e+05 7.672799676308091730e+05
5.859036747431037948e+05 -1.802681580206513754e+05 7.661718327637552284e+05
5.853741478217316326e+05 -1.797209245187352062e+05 7.650950723404667806e+05
5.849816466587360483e+05 -1.790621937935015012e+05 7.640438404522375204e+05
5.848537445571782300e+05 -1.781566054735022190e+05 7.630103500306804199e+05
5.849366921147815883e+05 -1.770771020218825724e+05 7.620137941366641317e+05
5.848651143534990260e+05 -1.761629207311519422e+05 7.610280350846509682e+05
5.848752205438599922e+05 -1.752162305108486325e+05 7.600914510547085665e+05
5.849026699439760996e+05 -1.742797908934351290e+05 7.591824608374112286e+05
5.850673751033269800e+05 -1.732353496110206761e+05 7.583027247143476270e+05
5.850445133565361612e+05 -1.724180540295820392e+05 7.574625673861182295e+05
5.850961380158677930e+05 -1.715677421687607130e+05 7.566638801846285351e+05
5.851075615880291443e+05 -1.708028247877850663e+05 7.559103863758142106e+05
5.852434419121553656e+05 -1.699374815122547734e+05 7.551809234244101681e+05
5.853938396788953105e+05 -1.690833354012742930e+05 7.544771750801695744e+05
5.855755560049591586e+05 -1.682324388607077417e+05 7.538079948656669585e+05
5.856402684649118455e+05 -1.675411368853825552e+05 7.531814053502944298e+05
5.856940777406678535e+05 -1.668838328806596692e+05 7.525779106213274645e+05
5.858293620251652319e+05 -1.661458162752640783e+05 7.519751783004292520e+05
5.858570943514917744e+05 -1.655343572173929133e+05 7.513914515688846586e+05
5.858225752216156106e+05 -1.650022681938064634e+05 7.508248434154221322e+05
5.858297409382283222e+05 -1.644589598356834904e+05 7.502887007739117835e+05
5.858520075643805321e+05 -1.639303409647981462e+05 7.497823485291786492e+05
5.859608592805806547e+05 -1.633585030306002882e+05 7.493193623111809138e+05
5.860325370711303549e+05 -1.628469264022513235e+05 7.488794634733817074e+05
5.860669282695255242e+05 -1.624311825471781485e+05 7.484981108167036436e+05
5.861968755997407716e+05 -1.619378481106245308e+05 7.481347237103653606e+05
5.863936966365531553e+05 -1.614098747425130859e+05 7.478035713790662121e+05
5.864965367091711378e+05 -1.609873533897372836e+05 7.474838900989084505e+05
5.867966102486473974e+05 -1.603839807500390452e+05 7.471805909986863844e+05
5.870064578770496882e+05 -1.598958765620798222e+05 7.469023344391295686e+05
5.871764770829922054e+05 -1.594759077058008697e+05 7.466523847887930460e+05
5.873669429988578195e+05 -1.590757462229757803e+05 7.464426892218335997e+05
5.876374822328228038e+05 -1.586553530876107397e+05 7.462928353204336017e+05
5.879372014926949050e+05 -1.582255132157173648e+05 7.461627147084122989e+05
5.881332631024073344e+05 -1.579062250241927104e+05 7.460394881266000448e+05
5.882694296243230347e+05 -1.576320410882365832e+05 7.459014707125596469e+05
5.885398697642922634e+05 -1.572494289375875669e+05 7.457892987018798012e+05
5.889748034009655239e+05 -1.567725614833087602e+05 7.457473648842743132e+05
5.894025190802861471e+05 -1.563629026699367096e+05 7.457654217502227984e+05
5.898154167816527188e+05 -1.559829029562515789e+05 7.457983197379042394e+05
5.903205179775482975e+05 -1.555621633566269302e+05 7.458826813341751695e+05
5.907068771271053702e+05 -1.552985616639732907e+05 7.460054387910786318e+05
5.910550566197766457e+05 -1.550806816719321650e+05 7.461357382917088689e+05
5.914486862752242014e+05 -1.548557491688004520e+05 7.463044354440246243e+05
5.919308953948833514e+05 -1.545540635801250755e+05 7.464849589750084560e+05
5.924468101930790581e+05 -1.542474056899287971e+05 7.466942158830078552e+05
5.930171728643820388e+05 -1.539395738246265100e+05 7.469567466890085489e+05
5.936739640546516748e+05 -1.535605742926283274e+05 7.472345383472800022e+05
5.942450712387035601e+05 -1.532974368056522799e+05 7.475425080443558982e+05
5.949108258309285156e+05 -1.529479063601948437e+05 7.478587321911233012e+05
5.955217292250266764e+05 -1.526794625735696172e+05 7.482011917985962937e+05
5.961720883083960507e+05 -1.524240259757816675e+05 7.485961142841776600e+05
5.968289176659684163e+05 -1.521895792363150103e+05 7.490184969022833975e+05
5.974429632605098886e+05 -1.520076764461520070e+05 7.494506397066619247e+05
5.982018914064336568e+05 -1.517090968666868575e+05 7.499109882731204852e+05
5.988714742079785792e+05 -1.515250857163771288e+05 7.503965599243557081e+05
5.997121099093926605e+05 -1.512018455266751698e+05 7.509139554360678885e+05
6.005104632523612818e+05 -1.509447774919188523e+05 7.514552407442801632e+05
6.013300997264505131e+05 -1.506898733071374299e+05 7.520199730335879140e+05
6.021427848518670071e+05 -1.505035800795971591e+05 7.526463649314641953e+05
6.029998560470156372e+05 -1.502909544003239716e+05 7.532908104473395506e+05
6.038326380299020093e+05 -1.501407009399122908e+05 7.539733389698142419e+05
6.047454448194589932e+05 -1.499179665269477118e+05 7.546634113464066759e+05
6.057018468670730945e+05 -1.496573340695811785e+05 7.553591809366543312e+05
6.066100758892641170e+05 -1.494594374159390572e+05 7.560695133052031742e+05
6.075054991813804954e+05 -1.492918887754837051e+05 7.567973879568642005e+05
6.084532397267593769e+05 -1.490930832378744090e+05 7.575463229646338150e+05
6.094511982067016652e+05 -1.488808104531793797e+05 7.583320086598810740e+05
6.103407389026654419e+05 -1.487563896877651569e+05 7.590971285904305987e+05
6.114209762458833866e+05 -1.484743900221518124e+05 7.598953662680352572e+05
6.124634315229246859e+05 -1.482458571552335052e+05 7.607092886781581910e+05
6.134558299201664049e+05 -1.480830323805687076e+05 7.615388623007350834e+05
6.144665248298833612e+05 -1.479128978944646078e+05 7.623794227243480273e+05
6.155181565525138285e+05 -1.477325742727019242e+05 7.632507308252156945e+05
6.166088769829072990e+05 -1.475183840505827393e+05 7.641272610334900673e+05
6.175989500097390264e+05 -1.473740519991320907e+05 7.649730020088710589e+05
6.185804609575602226e+05 -1.472134814108141582e+05 7.657939423683743225e+05
6.196189140453855507e+05 -1.469763698633979075e+05 7.665952839087834582e+05
6.205076815694011748e+05 -1.468893180930924718e+05 7.673969996624937048e+05
6.215812575728574302e+05 -1.466515346568220411e+05 7.682327922296795296e+05
6.225220762086919276e+05 -1.465179645256962394e+05 7.690400407343881670e+05
6.234924701613495126e+05 -1.463345760359498381e+05 7.698270461972993799e+05
6.244938479307456873e+05 -1.461298277683355263e+05 7.706236756990812719e+05
6.254170417374829995e+05 -1.459603560009983776e+05 7.713773977384814061e+05
6.263028083801114699e+05 -1.458179428190297040e+05 7.721207511991411448e+05
6.272292125177106354e+05 -1.456458071211188217e+05 7.728750196388293989e+05
6.281057927413177676e+05 -1.455080791341530567e+05 7.736138718754708534e+05
6.290572985668509500e+05 -1.453093690260896401e+05 7.743666675929406192e+05
6.299178397141806781e+05 -1.451479013919598074e+05 7.750657411061404273e+05
6.307347529388775583e+05 -1.450057814238822029e+05 7.757405343627597904e+05
6.315230584881574614e+05 -1.448853379453812959e+05 7.764083964335387573e+05
6.322907602274197852e+05 -1.447842468089695321e+05 7.770750070363893174e+05
6.330147728591666091e+05 -1.447329771242389397e+05 7.777477499834055780e+05
6.337402862631132593e+05 -1.446430837969692948e+05 7.783833700600825250e+05
6.344626982447912451e+05 -1.445382214333011361e+05 7.790009196780923521e+05
6.352077032721336000e+05 -1.443971023135439609e+05 7.796048055856775027e+05
6.359165879288543947e+05 -1.442581796761646983e+05 7.801747676050190348e+05
6.365287648486415856e+05 -1.442150998060669808e+05 7.807438646547085373e+05
6.371439615333207184e+05 -1.441417617608955188e+05 7.812857232942162082e+05
6.377313793230541050e+05 -1.440941829876138363e+05 7.818255623106679413e+05
6.383859754808124853e+05 -1.439357443333780684e+05 7.823217198141905246e+05
6.389890027087278431e+05 -1.438332563478562806e+05 7.828222590565840947e+05
6.395733894568937831e+05 -1.437429754518144764e+05 7.833163649087082595e+05
6.402087640304341912e+05 -1.435747974952086515e+05 7.837835615256428719e+05
6.407580595087257680e+05 -1.434870891089403885e+05 7.842451486176660983e+05
6.412576613295127172e+05 -1.434026099858167290e+05 7.846602713153294753e+05
6.417120054049530299e+05 -1.433467351571224572e+05 7.850587405620755162e+05
6.422384385627808515e+05 -1.432164099700147344e+05 7.854548485327955568e+05
6.427535411226460710e+05 -1.431054741668941570e+05 7.858590152895401698e+05
6.431892949256269494e+05 -1.430356711088453594e+05 7.862249660344723379e+05
6.436434374891982879e+05 -1.429482225890327827e+05 7.865916600782310124e+05
6.440646171118008206e+05 -1.429035012750248425e+05 7.869681183868256630e+05
6.444946654370017350e+05 -1.428460256921339897e+05 7.873406911291356664e+05
6.449422741786955157e+05 -1.427370889795735420e+05 7.876793631582690869e+05
6.453597688100321684e+05 -1.426634678550868121e+05 7.880232366651189514e+05
6.456926247780839913e+05 -1.426084975274741300e+05 7.883011223055580631e+05
6.460240420051873662e+05 -1.425602405471217062e+05 7.885842825523091014e+05
6.463594935297181364e+05 -1.425014637831385480e+05 7.888609573128566844e+05
6.467568823207282694e+05 -1.424126489214362518e+05 7.891695312421645503e+05
6.471510706656030379e+05 -1.423412290600494307e+05 7.894922997256524395e+05
6.475704349724173080e+05 -1.422432156298602058e+05 7.898136506022774847e+05
6.478806910604725126e+05 -1.422233640707816230e+05 7.901040551312541356e+05
6.481728694173375843e+05 -1.421925155760346388e+05 7.903653849933722522e+05
6.484941759583208477e+05 -1.421101123016799975e+05 7.906042882600008743e+05
6.488201060382180149e+05 -1.420375808395087952e+05 7.908576868777268101e+05
6.490749693614344578e+05 -1.420048469822343613e+05 7.910798163436688483e+05
6.493936309455906739e+05 -1.419163853830484732e+05 7.913100163286391180e+05
6.496783456105674850e+05 -1.418617254324100213e+05 7.915400710429775063e+05
6.499351003502293024e+05 -1.418113358997982286e+05 7.917464362500275020e+05
6.501659830141635612e+05 -1.417820173321160837e+05 7.919480003462797031e+05
6.503883059524501441e+05 -1.417520367754114850e+05 7.921403427278616000e+05
6.506262743439301848e+05 -1.416802092049366911e+05 7.923064835488669341e+05
6.508493769099224592e+05 -1.415869651379024435e+05 7.924363420478248736e+05
6.510542973438891349e+05 -1.414930001911591971e+05 7.925472975350483321e+05
6.512709228045631899e+05 -1.413798496443165932e+05 7.926507724488797830e+05
6.514630066558093531e+05 -1.413361343883503869e+05 7.927991410441597691e+05
6.516325150594745064e+05 -1.413106011587069370e+05 7.929431162181814434e+05
6.518374494738827925e+05 -1.412281339042624750e+05 7.930655833781452384e+05
6.520029410665321629e+05 -1.411875935123063391e+05 7.931905345788385021e+05
6.521745610336198006e+05 -1.411325869594779215e+05 7.933071479930977803e+05
6.523210569834980415e+05 -1.410773694797974313e+05 7.933984264632954728e+05
6.524695856844868977e+05 -1.410496020745339047e+05 7.935191877590208314e+05
6.525638970042387955e+05 -1.410342796708194073e+05 7.935981766750582028e+05
6.526939328906339360e+05 -1.409760607353672094e+05 7.936699936260011746e+05
6.527860183845410356e+05 -1.409474051409479871e+05 7.937334235254890518e+05
6.528976302405772731e+05 -1.409031174609193404e+05 7.938007477014965843e+05
6.530385754887212534e+05 -1.408546855028330174e+05 7.938932609915542416e+05
6.531823207886838354e+05 -1.407995542981645558e+05 7.939818750868483912e+05
6.533385237091433955e+05 -1.407083223767385061e+05 7.940468460858819308e+05
6.534179701329763047e+05 -1.406782569312482665e+05 7.940962270642245421e+05
6.535438443046202883e+05 -1.406349451115508273e+05 7.941787894161711447e+05
6.536581070477609755e+05 -1.406033057168789383e+05 7.942614127646399429e+05
6.537581038819446694e+05 -1.405773320924277068e+05 7.943354359743723180e+05
6.538770390330415685e+05 -1.405640583952358284e+05 7.944410974282773677e+05
6.540556584007885540e+05 -1.405120203587984724e+05 7.945676787595869973e+05
6.542123589613521472e+05 -1.404861371276269201e+05 7.946984960889790673e+05
6.543744388835924910e+05 -1.404597097413590236e+05 7.948341486249514855e+05
6.545633434016929241e+05 -1.404020991364631045e+05 7.949654425381560577e+05
6.547025553489901358e+05 -1.403624964868169045e+05 7.950650518358070403e+05
6.548554348977338523e+05 -1.403208603729779716e+05 7.951762952707118820e+05
6.549990511209282558e+05 -1.403071113961153605e+05 7.953061625170436455e+05
6.551722903488534503e+05 -1.402502644365303277e+05 7.954225547853837488e+05
6.553563890278816689e+05 -1.402229330300018773e+05 7.955793220578834880e+05
6.555230473085369449e+05 -1.402057248829136952e+05 7.957287721914506983e+05
6.556796352536868071e+05 -1.401914098925067810e+05 7.958710451461935882e+05
6.558371202193871140e+05 -1.401753139885276905e+05 7.960124342079148628e+05
6.560030094800993102e+05 -1.401478490857708966e+05 7.961508585658702068e+05
6.561631399421364767e+05 -1.401323388308974390e+05 7.962954787730339449e+05
6.563345926660364494e+05 -1.401306170364339196e+05 7.964652097024703398e+05
6.565119467927236110e+05 -1.401148340970622376e+05 7.966267808897858486e+05
6.566996203113660449e+05 -1.400833907787819335e+05 7.967830110901480075e+05
6.568888608056560624e+05 -1.400247498009767151e+05 7.969136106066327775e+05
6.570131263127229176e+05 -1.400126919062720262e+05 7.970258182189950021e+05
6.571844604572671233e+05 -1.399876369267250411e+05 7.971720973839921644e+05
6.573300647988693090e+05 -1.399711978145398898e+05 7.973012626134091988e+05
6.574963213379583322e+05 -1.399597020371221006e+05 7.974560233750804327e+05
6.576346411595223472e+05 -1.399477289420549932e+05 7.975823701015773695e+05
6.578140509466473013e+05 -1.399054696571003587e+05 7.977195206037476892e+05
6.579381530216400279e+05 -1.398915408250391774e+05 7.978296938466791762e+05
6.580580760630815057e+05 -1.398877020055641187e+05 7.979457780686456244e+05
6.582168049452755367e+05 -1.398458915904251626e+05 7.980626965357006993e+05
6.583564590250406181e+05 -1.398220070465402387e+05 7.981784660715808859e+05
6.585460450920739677e+05 -1.397535469780463609e+05 7.982995920701203868e+05
6.586983698968027020e+05 -1.397130107452170050e+05 7.984113806420196779e+05
6.588451002055032877e+05 -1.396982540377649420e+05 7.985433542432682589e+05
6.589499778352661524e+05 -1.396844739168274682e+05 7.986344517520936206e+05
6.590507077482205350e+05 -1.396732880418175482e+05 7.987239957900380250e+05
6.591137966732331552e+05 -1.396611328152927454e+05 7.987749294885259587e+05
6.592121608205628581e+05 -1.396199855129765056e+05 7.988321463335393928e+05
6.592889857463750523e+05 -1.396063454999210953e+05 7.988953312462961767e+05
6.593946854183739051e+05 -1.395521132901424426e+05 7.989467987085164059e+05
6.594915426225676201e+05 -1.395119134731070953e+05 7.990034560956747737e+05
6.595407052328896243e+05 -1.395105233887835639e+05 7.990512286216731882e+05
6.596485723977393936e+05 -1.394693814905355684e+05 7.991179538882749621e+05
6.597339333007709356e+05 -1.394548202433983097e+05 7.991887535441692453e+05
6.597972175761859398e+05 -1.394153503357733425e+05 7.992125679119592533e+05
6.598443830365722533e+05 -1.394022146613153745e+05 7.992465976978876861e+05
6.598815515536291059e+05 -1.394003654215313145e+05 7.992819169751603622e+05
6.599019601926261093e+05 -1.393869473500268650e+05 7.992889075426529162e+05
6.599568486915656831e+05 -1.393456164129594108e+05 7.993024651045250939e+05
6.599781297260636929e+05 -1.393177875055094191e+05 7.992959172315731412e+05
6.599772769691528520e+05 -1.392925030131287931e+05 7.992697799822816160e+05
6.599778342495181132e+05 -1.392641628844630322e+05 7.992419971339812037e+05
6.599587076527646277e+05 -1.392506136866222369e+05 7.992093213393868646e+05
6.599259959209717344e+05 -1.392507926817174884e+05 7.991767886026892811e+05
6.599128583199755521e+05 -1.392372497247549181e+05 7.991501080447304994e+05
6.599003885812838562e+05 -1.392368231777645997e+05 7.991372117590485141e+05
6.598818133602353046e+05 -1.392392778151981474e+05 7.991210911754334811e+05
6.599106305237869965e+05 -1.392108895782070758e+05 7.991215201019940432e+05
6.598886333841641899e+05 -1.392124070081682585e+05 7.991010403923324775e+05
6.598611902724636020e+05 -1.391989312358802417e+05 7.990601215083438437e+05
6.598289804604053497e+05 -1.391978109179446474e+05 7.990267913783499971e+05
6.598453098189502489e+05 -1.391445005999079440e+05 7.989898104188581929e+05
6.598205379664757056e+05 -1.391277601313421328e+05 7.989482980978178093e+05
6.598064134975027991e+05 -1.391159793054022884e+05 7.989223928029050585e+05
6.597776302314375062e+05 -1.391018961532177054e+05 7.988795263846551534e+05
6.597543429891717387e+05 -1.391017243166180851e+05 7.988560673057897948e+05
6.597660964844633127e+05 -1.390872736107847595e+05 7.988533700952481013e+05
6.597992312817964703e+05 -1.390559588774768054e+05 7.988551901592733338e+05
6.598072574092351133e+05 -1.390337541966161225e+05 7.988410116058512358e+05
6.598174202019246295e+05 -1.390329428863464273e+05 7.988503630882711150e+05
6.598442080238239141e+05 -1.390018150376178382e+05 7.988460230614417233e+05
6.599165279399707215e+05 -1.389548245660323882e+05 7.988713525060031097e+05
6.599492664273858536e+05 -1.389376445571242948e+05 7.988869109845100902e+05
6.599773331553931348e+05 -1.389259025092597294e+05 7.989032356646528933e+05
6.600112466326788999e+05 -1.389129254836384789e+05 7.989241721163174370e+05
6.600869696407404263e+05 -1.388726623913172516e+05 7.989596320320577361e+05
6.601692777924522525e+05 -1.388439238050204294e+05 7.990132015974726528e+05
6.602626233914683107e+05 -1.388333335893437616e+05 7.990959569808120141e+05
6.603867096815407276e+05 -1.388203545135547756e+05 7.992070641950954450e+05
6.605480185804093489e+05 -1.388129177164741268e+05 7.993609362968835048e+05
6.606853148697075667e+05 -1.388138527734237432e+05 7.994991676431313390e+05
6.608260347346966155e+05 -1.388173052356874105e+05 7.996433399703840259e+05
6.609850731211171951e+05 -1.388016936474475078e+05 7.997867667685647029e+05
6.611281730777150951e+05 -1.388024466942512081e+05 7.999306197719663614e+05
6.612788851758737583e+05 -1.387910072535091895e+05 8.000698924293830059e+05
6.614422414108405355e+05 -1.387940158850270091e+05 8.002362572958675446e+05
6.616450691456334898e+05 -1.387922456950097112e+05 8.004373148406432010e+05
6.618616511613685871e+05 -1.387911305100917816e+05 8.006527816714603687e+05
6.621023503672971856e+05 -1.387955857637498702e+05 8.008979361310470849e+05
6.623648542738592951e+05 -1.387866063348647149e+05 8.011514606087240390e+05
6.626305199895412661e+05 -1.387877629074974102e+05 8.014182828970386181e+05
6.629658626353144646e+05 -1.387475680298616935e+05 8.017134306651761290e+05
6.632763251823429018e+05 -1.387458966895850026e+05 8.020222218719279626e+05
6.635884020214354387e+05 -1.387471513015991950e+05 8.023355533230346628e+05
6.639326968430902343e+05 -1.387328772932987777e+05 8.026655741363889538e+05
6.642839715789689217e+05 -1.387333410766970774e+05 8.030173126556660281e+05
6.646929359407438897e+05 -1.387040616617431224e+05 8.033969976024869829e+05
6.650772739831709769e+05 -1.387048446541016747e+05 8.037821186372726224e+05
6.654673167391262250e+05 -1.387043808544139611e+05 8.041716975935401861e+05
6.659146047767095733e+05 -1.387042265934581228e+05 8.046188313701676670e+05
6.664112426803177223e+05 -1.386927836541996803e+05 8.051040263345174026e+05
6.669365220688998234e+05 -1.386685847084723355e+05 8.056051067773721879e+05
6.674712393535517622e+05 -1.386532818464198499e+05 8.061245211999716703e+05
6.680171303248987533e+05 -1.386528228604227188e+05 8.066699531853215303e+05
6.685792049293643795e+05 -1.386410340525062347e+05 8.072202389818705851e+05
6.691300869268290699e+05 -1.386394785240673809e+05 8.077695654508965090e+05
6.697446801746969577e+05 -1.386144920231403667e+05 8.083591721978373826e+05
6.703575969784038607e+05 -1.386027650982156047e+05 8.089603620766194072e+05
6.710249893963619834e+05 -1.385767898495244735e+05 8.096017792458864860e+05
6.716725499013494700e+05 -1.385805933593897207e+05 8.102531432607391616e+05
6.723505837109034183e+05 -1.385652701123543375e+05 8.109158538232577266e+05
6.730334208265353227e+05 -1.385639413031753211e+05 8.115973621297106147e+05
6.737290417764561716e+05 -1.385680548546991777e+05 8.122970966311553493e+05
6.744531017893909011e+05 -1.385421903809563664e+05 8.129952921703472966e+05
6.751466641194247641e+05 -1.385442037178036408e+05 8.136908678372283466e+05
6.758438572109538363e+05 -1.385424783143793757e+05 8.143863355253331829e+05
6.765543294429376256e+05 -1.385433223186887917e+05 8.150976517616264755e+05
6.772777199590841774e+05 -1.385319367881424841e+05 8.158096567472266033e+05
6.779958777864024742e+05 -1.385323513379798969e+05 8.165282291243823711e+05
6.787106118079381995e+05 -1.385343981963032857e+05 8.172450100042414851e+05
6.794344352727746591e+05 -1.385239888616738899e+05 8.179584241344485199e+05
6.801464494430841878e+05 -1.385111728452777024e+05 8.186576222883618902e+05
6.808378562644538470e+05 -1.385125129072859127e+05 8.193503691717397887e+05
6.815451382949661929e+05 -1.384992159483385913e+05 8.200443542433048133e+05
6.822768729425482452e+05 -1.384699528727370198e+05 8.207468258152853232e+05
6.829847562697052490e+05 -1.384688183822785795e+05 8.214535746519837994e+05
6.836921541474373080e+05 -1.384681339831915393e+05 8.221602881306288764e+05
6.844171744925216772e+05 -1.384557788367338653e+05 8.228729533292555716e+05
6.851359622543216683e+05 -1.384560790349396120e+05 8.235920412892613094e+05
6.858882276365630096e+05 -1.384440060919241223e+05 8.243322337284871610e+05
6.865937567684651585e+05 -1.384471192480544560e+05 8.250408760165196145e+05
6.872885480715039885e+05 -1.384354490068375599e+05 8.257239970783415483e+05
6.879664814981790259e+05 -1.384204595690665883e+05 8.263869410672456725e+05
6.886400987615033519e+05 -1.384085777008698497e+05 8.270486764623732306e+05
6.892985188844138756e+05 -1.384088115838815283e+05 8.277073304682953749e+05
6.899595451339979190e+05 -1.384102784096041287e+05 8.283698235436020186e+05
6.905924199388701236e+05 -1.384115382813477481e+05 8.290039582202178426e+05
6.912344572822015034e+05 -1.384126198190804862e+05 8.296470771012819605e+05
6.918647408362515271e+05 -1.384124379155596253e+05 8.302771787518111523e+05
6.924965907657812349e+05 -1.384175330388547736e+05 8.309141238046359504e+05
6.931318174003658351e+05 -1.384169040490191546e+05 8.315487214493850479e+05
6.937600009007616900e+05 -1.384046074072171177e+05 8.321646083079788368e+05
6.943590332222169964e+05 -1.384033973902356520e+05 8.327624306124526775e+05
6.949613505410187645e+05 -1.383806537452592747e+05 8.333420042862780392e+05
6.955343266557002207e+05 -1.383787819712157361e+05 8.339131086269159568e+05
6.961010744792676996e+05 -1.383802556750956865e+05 8.344813301543634152e+05
6.966280675315979170e+05 -1.383824141153226083e+05 8.350104816469205543e+05
6.971647631188122323e+05 -1.383667034285337722e+05 8.355314665473459754e+05
6.976358689853610704e+05 -1.383543517226926051e+05 8.359902207080536755e+05
6.980858775471200934e+05 -1.383566408552747162e+05 8.364425184023948386e+05
6.985185059819146991e+05 -1.383533623308519018e+05 8.368718683127665427e+05
6.989413516653622501e+05 -1.383564471794550191e+05 8.372977988448173273e+05
6.993668196099608904e+05 -1.383407465714354475e+05 8.377075661813963670e+05
6.997579111857172102e+05 -1.383442046263292723e+05 8.381021158120464534e+05
7.001526237567971693e+05 -1.383399233128780907e+05 8.384925470696752891e+05
7.005325143974337261e+05 -1.383356858843449154e+05 8.388682002817785833e+05
7.008530636833460303e+05 -1.383362142002651235e+05 8.391892778836111538e+05
7.011691241654776968e+05 -1.383365757840813312e+05 8.395056999495590571e+05
7.014544694032041589e+05 -1.383392432211361593e+05 8.397937126243403181e+05
7.017630719878915697e+05 -1.383248154798463511e+05 8.400878874677378917e+05
7.020363574470942840e+05 -1.383236479622029874e+05 8.403600054092973005e+05
7.023165759397008223e+05 -1.383212445579032355e+05 8.406378204976040870e+05
7.025929631408741698e+05 -1.383194378782659187e+05 8.409124010191401467e+05
7.028234350617212476e+05 -1.383206287836948177e+05 8.411440638454160653e+05
7.030326525866291486e+05 -1.383253167326755647e+05 8.413579693193046842e+05
7.032636981346218381e+05 -1.383259548673827667e+05 8.415896530020046048e+05
7.034974298488796921e+05 -1.383126689819590247e+05 8.418100988308386877e+05
7.037134029779976700e+05 -1.383114393429276242e+05 8.420248423209253233e+05
7.038726432983822888e+05 -1.383416902196084848e+05 8.422143335179907735e+05
7.040476371803546790e+05 -1.383396560590853624e+05 8.423872932394400705e+05
7.042687599890476558e+05 -1.383247046825953585e+05 8.425934646716429852e+05
7.044805374795723474e+05 -1.383224114986845234e+05 8.428029489782568999e+05
7.047021613726750948e+05 -1.383254927356085391e+05 8.430276541082835756e+05
7.049064461233477341e+05 -1.383097433990297432e+05 8.432161895223774482e+05
7.051123798400000669e+05 -1.383081950550561014e+05 8.434205748950561974e+05
7.052846896046039183e+05 -1.383102765592267388e+05 8.435949661638305988e+05
7.054776710186360870e+05 -1.382981668275011762e+05 8.437758378461372340e+05
7.056466629825693090e+05 -1.382987366504937236e+05 8.439453996330630034e+05
7.058566797831181902e+05 -1.382976889021483075e+05 8.441543686852664687e+05
7.060822126137532759e+05 -1.382836061358879961e+05 8.443658187496413011e+05
7.062785158459990053e+05 -1.382845804565440340e+05 8.445630963025430683e+05
7.064878991662589833e+05 -1.382842301373926166e+05 8.447721293036516290e+05
7.067143783298959024e+05 -1.382812791606018727e+05 8.449956574904978042e+05
7.069612788711701287e+05 -1.382671858572435740e+05 8.452284647284137318e+05
7.071691110909029376e+05 -1.382652036692260299e+05 8.454343147601289675e+05
7.073607846749519231e+05 -1.382622439484208589e+05 8.456230286233727820e+05
7.075824126025120495e+05 -1.382609382083832752e+05 8.458433508108953247e+05
7.077883557421928272e+05 -1.382576810744811082e+05 8.460460368166739354e+05
7.079873337421208853e+05 -1.382566545541326341e+05 8.462439882962534903e+05
7.081668923335049767e+05 -1.382542289061493648e+05 8.464211212396543706e+05
7.083397218452466186e+05 -1.382510716978567361e+05 8.465907935431033839e+05
7.085180520409529563e+05 -1.382545242745135329e+05 8.467725763154664310e+05
7.086941001317144837e+05 -1.382400142964124971e+05 8.469341144281269517e+05
7.088394844590957509e+05 -1.382370326250159123e+05 8.470765170841116924e+05
7.089801487212114735e+05 -1.382366990331231209e+05 8.472168477543345653e+05
7.091171049729431979e+05 -1.382324983030672302e+05 8.473496032760103699e+05
7.092343378710122779e+05 -1.382309024453011807e+05 8.474652403163134586e+05
7.093430292969155125e+05 -1.382292838777579018e+05 8.475723131746733561e+05
7.094224213868416846e+05 -1.382251498044696636e+05 8.476475711913113482e+05
7.094750960738776485e+05 -1.382226679987475800e+05 8.476977640726251993e+05
7.095426122543360107e+05 -1.382072526508142764e+05 8.477498649051502580e+05
7.096038391780870734e+05 -1.382070564815645048e+05 8.478108956596516073e+05
7.096407725114667555e+05 -1.382044253789639624e+05 8.478451978904306889e+05
7.096830976260593161e+05 -1.382011795431166247e+05 8.478842771691759117e+05
7.097117638392434455e+05 -1.381960856105105777e+05 8.479078494497539941e+05
7.097013167718844488e+05 -1.381960910969518882e+05 8.478974078688363079e+05
7.096675530117833987e+05 -1.381936505002666090e+05 8.478612035120499786e+05
7.095942412481022766e+05 -1.381887023388090602e+05 8.477829435869113076e+05
7.095285865975478664e+05 -1.381901794381362852e+05 8.477187660356841516e+05
7.094444321190264309e+05 -1.381885049924421182e+05 8.476329371114685200e+05
7.093531331660060678e+05 -1.381851704439697205e+05 8.475383036099758465e+05
7.092504998437521281e+05 -1.381845651416900801e+05 8.474350649854422081e+05
7.091424923262320226e+05 -1.381841404024102085e+05 8.473266327286422020e+05
7.090386313163222512e+05 -1.381819760491038614e+05 8.472206073654261418e+05
7.089338047426701523e+05 -1.381785654430010763e+05 8.471123701856712578e+05
7.087954491072448436e+05 -1.381778518429763208e+05 8.469733009502211353e+05
7.086321517348644556e+05 -1.381728113538205216e+05 8.468049630886849482e+05
7.084411044016241794e+05 -1.381708130426352436e+05 8.466119174442593940e+05
7.082816724197522271e+05 -1.381682035209963215e+05 8.464498759407486068e+05
7.081364874001770513e+05 -1.381664207650507742e+05 8.463029081652278546e+05
7.079721190514483023e+05 -1.381806038047382608e+05 8.461527228561865631e+05
7.078104704619451659e+05 -1.381818010507238796e+05 8.459922715126690455e+05
7.076697508695644792e+05 -1.381626337130442553e+05 8.458323845826087054e+05
7.075219867216544226e+05 -1.381663147898405150e+05 8.456883015114949085e+05
7.073771695167329162e+05 -1.381643684400738857e+05 8.455415379568068311e+05
7.072204837635571603e+05 -1.381584817293214437e+05 8.453789654928785749e+05
7.070611334340089234e+05 -1.381557443076375348e+05 8.452168777416464873e+05
7.069270225339321187e+05 -1.381498102774405561e+05 8.450768328113727039e+05
7.068121726541367825e+05 -1.381484133603830705e+05 8.449605860145199113e+05
7.066794599089501426e+05 -1.381625444787810266e+05 8.448420043877311982e+05
7.065771555532221682e+05 -1.381739086071865167e+05 8.447510641604086850e+05
7.065046659921797691e+05 -1.381741296202336962e+05 8.446787956124134362e+05
7.064292727828405332e+05 -1.381737394456563052e+05 8.446030122284968384e+05
7.063687640192823019e+05 -1.381711804658402107e+05 8.445399444851224544e+05
7.063088506002726499e+05 -1.381548322326147754e+05 8.444636828328873962e+05
7.062494288703827187e+05 -1.381516094206999696e+05 8.444010382910827175e+05
7.061960453593999846e+05 -1.381667944496231794e+05 8.443628398090231931e+05
7.061637796416056808e+05 -1.381663357488857582e+05 8.443301153904914390e+05
7.061524573314363370e+05 -1.381646350460714020e+05 8.443170923775077099e+05
7.061579532634471543e+05 -1.381618454424683587e+05 8.443197987059154548e+05
7.061396607722785557e+05 -1.381913472285745956e+05 8.443310080008531222e+05
7.061765116101981839e+05 -1.381884519661195518e+05 8.443649635763177648e+05
7.062072787654971471e+05 -1.382022123985277431e+05 8.444094911640249193e+05
7.062938172331135720e+05 -1.381981527585456497e+05 8.444919699916592799e+05
7.063548667002875591e+05 -1.382127816155153851e+05 8.445676483158029150e+05
7.064577092793680495e+05 -1.382125502735449409e+05 8.446702595529130194e+05
7.065596765382664744e+05 -1.382261475996446970e+05 8.447858241379112005e+05
7.066614633849218953e+05 -1.382252879385458364e+05 8.448867513234677026e+05
7.067854354729442857e+05 -1.382261349058983033e+05 8.450115703788425308e+05
7.069293186223387020e+05 -1.382259111638632603e+05 8.451552297862019623e+05
7.070736688471003436e+05 -1.382219948839992576e+05 8.452956637310995720e+05
7.072070617665781174e+05 -1.382210136849980918e+05 8.454280754515761510e+05
7.073611874045935692e+05 -1.382203434663002554e+05 8.455815308708938537e+05
7.075339681143988855e+05 -1.382182427121221262e+05 8.457522108265210409e+05
7.077099523541227682e+05 -1.382169403490378754e+05 8.459268927031606436e+05
7.078976107840780169e+05 -1.382275493348239106e+05 8.461251601189019857e+05
7.081116722145694075e+05 -1.382261950350051338e+05 8.463378672495745122e+05
7.083474980016478803e+05 -1.382257024753578007e+05 8.465732004770056810e+05
7.086292871075626463e+05 -1.382233574293981656e+05 8.468526445369608700e+05
7.089067595552057028e+05 -1.382206255591639783e+05 8.471273851143696811e+05
7.091825125733338064e+05 -1.382201108306696406e+05 8.474026234040034469e+05
7.094582247961945832e+05 -1.382344405468603654e+05 8.476926653430549195e+05
7.097714740513649303e+05 -1.382348407847184571e+05 8.480063148360833293e+05
7.101134672465096228e+05 -1.382310963923452946e+05 8.483445636388548883e+05
7.104715393666352611e+05 -1.382336326445719169e+05 8.487051720112072071e+05
7.108593080572574399e+05 -1.382338877706428175e+05 8.490931958279001992e+05
7.112450304650014732e+05 -1.382303020563086611e+05 8.494753325213101925e+05
7.116615462929948699e+05 -1.382303715828444692e+05 8.498919178758393973e+05
7.120585600318317302e+05 -1.382309849877610104e+05 8.502895450195927406e+05
7.124823782795674633e+05 -1.382279451135118143e+05 8.507103233930792194e+05
7.129525548921125010e+05 -1.382124614543143252e+05 8.511650163464267971e+05
7.134209797639027238e+05 -1.382270350735357206e+05 8.516480148374384735e+05
7.139389308852993418e+05 -1.382214606587351300e+05 8.521603915440344717e+05
7.144599289931637468e+05 -1.382213169846320816e+05 8.526812459777957993e+05
7.149883656200040132e+05 -1.382186255602527235e+05 8.532069911802567076e+05
7.155158194051180035e+05 -1.382333709175566910e+05 8.537491903226746945e+05
7.160590455120346742e+05 -1.382378729870812967e+05 8.542969184991159709e+05
7.166322652413987089e+05 -1.382425704802622204e+05 8.548748357216608711e+05
7.172004267102261074e+05 -1.382737022448521457e+05 8.554741289550783113e+05
7.178051387841420947e+05 -1.382753224885379022e+05 8.560804612726799678e+05
7.184370991449097637e+05 -1.382752268977558706e+05 8.567123260426656343e+05
7.190742011525531998e+05 -1.382711502152993053e+05 8.573453513678525342e+05
7.197209080943402369e+05 -1.382706282672027301e+05 8.579915363615429960e+05
7.203966822285156231e+05 -1.382683956423347408e+05 8.586650778708503349e+05
7.210829909749911167e+05 -1.382624685522134532e+05 8.593454595272046281e+05
7.217707989054088248e+05 -1.382784665535085369e+05 8.600492654589173617e+05
7.224891222349131713e+05 -1.382801674631233036e+05 8.607692896980365040e+05
7.232113681451120647e+05 -1.382840192363967653e+05 8.614953873815088300e+05
7.239376382556967437e+05 -1.382860030589399976e+05 8.622236413146366831e+05
7.246395539739049273e+05 -1.383190793040154676e+05 8.629586332779204240e+05
7.253836208728214260e+05 -1.383055828790425439e+05 8.636892037518639117e+05
7.261039773706301348e+05 -1.383119341156697774e+05 8.644159114862999413e+05
7.268504442992821569e+05 -1.383132270874671813e+05 8.651636713867493672e+05
7.275893981801987393e+05 -1.383132671830475738e+05 8.659026653632463422e+05
7.283261000913595781e+05 -1.383104789090263075e+05 8.666365790003859438e+05
7.290942281767794630e+05 -1.382959605717532104e+05 8.673901887485326733e+05
7.298642991618707310e+05 -1.382944490586604807e+05 8.681587482205312699e+05
7.306489823675809894e+05 -1.382992376307414961e+05 8.689482199983224273e+05
7.314348134954625275e+05 -1.382989496449436701e+05 8.697337631404062267e+05
7.322112369837216102e+05 -1.383124014485906227e+05 8.705236384323122911e+05
7.329657838118798099e+05 -1.383137790566077747e+05 8.712795628684875555e+05
7.337020435186568648e+05 -1.383429572924918320e+05 8.720450008111486677e+05
7.344749654348799959e+05 -1.383465228390792035e+05 8.728214882739591412e+05
7.352304915790883824e+05 -1.383593115571818198e+05 8.735898031362702604e+05
7.360110060655185953e+05 -1.383579661148598243e+05 8.743689721803783905e+05
7.368218025318954606e+05 -1.383587347640176886e+05 8.751805372959130909e+05
7.376280853576818481e+05 -1.383612618736980367e+05 8.759893472313799430e+05
7.384230689383688150e+05 -1.383629611922235636e+05 8.767860301305924077e+05
7.391806124987073708e+05 -1.383673179104617448e+05 8.775479304091690574e+05
7.399630456363019766e+05 -1.383684684430131747e+05 8.783315140793151222e+05
7.407512459954817314e+05 -1.383685986333957990e+05 8.791198446288775885e+05
7.415356633531728294e+05 -1.383811019912724732e+05 8.799167653444453608e+05
7.423514246422806755e+05 -1.383809481467267615e+05 8.807323727890073787e+05
7.431542986452081241e+05 -1.383798901488992269e+05 8.815341887941074092e+05
7.439300693023413187e+05 -1.383947605329144280e+05 8.823248298352557467e+05
7.447175214156142902e+05 -1.383979962221239111e+05 8.831155176377382595e+05
7.454990932636249345e+05 -1.383990520422910049e+05 8.838981453059159685e+05
7.462777097990234615e+05 -1.384035013783382892e+05 8.846812111773617798e+05
7.470277971529092174e+05 -1.384400167066625436e+05 8.854678138595717028e+05
7.478130739983913954e+05 -1.384430497188012232e+05 8.862561237171925604e+05
7.485789999339450151e+05 -1.384579170944884245e+05 8.870369170284334105e+05
7.493686546453596093e+05 -1.384577403125156998e+05 8.878263949578752508e+05
7.501207569164554588e+05 -1.384890588858003612e+05 8.886098158022557618e+05
7.509220836878200062e+05 -1.384904131110559683e+05 8.894124967988759745e+05
